# Matter power spectrum P(k) at redshift z=0
# for k=1.05826e-05 to 21.1826 h/Mpc,
# number of wavenumbers equal to 561
#    1:k (h/Mpc)              2:P (Mpc/h)^3        
       1.058261180196e-05       4.692294360266e+01 
       2.363431463453e-05       1.018868905770e+02 
       3.673312263357e-05       1.559277371978e+02 
       4.991522204024e-05       2.096175840712e+02 
       6.321741330438e-05       2.632858969897e+02 
       7.667744794647e-05       3.171820808195e+02 
       9.033437646342e-05       3.715211396215e+02 
       1.042289120188e-04       4.265024545917e+02 
       1.184038146935e-04       4.823194752122e+02 
       1.329043011085e-04       5.391656487135e+02 
       1.477784842285e-04       5.972385930708e+02 
       1.630778480829e-04       6.567433941164e+02 
       1.788577619147e-04       7.178954594370e+02 
       1.951780378295e-04       7.809231600708e+02 
       2.121035352249e-04       8.460703899530e+02 
       2.297048140027e-04       9.135991162304e+02 
       2.480588365897e-04       9.837919565772e+02 
       2.672497158609e-04       1.056954790672e+03 
       2.873695018561e-04       1.133419385559e+03 
       3.085189943159e-04       1.213545984620e+03 
       3.308085600984e-04       1.297725774288e+03 
       3.543589240188e-04       1.386383099258e+03 
       3.793018881710e-04       1.479977244040e+03 
       4.057809181112e-04       1.579003535823e+03 
       4.339515145640e-04       1.683993451874e+03 
       4.639812673523e-04       1.795513338194e+03 
       4.960494659542e-04       1.914161273024e+03 
       5.303461218052e-04       2.040561553203e+03 
       5.670702464817e-04       2.175356264039e+03 
       6.064272344666e-04       2.319193442113e+03 
       6.486252280757e-04       2.472711487088e+03 
       6.938704040427e-04       2.636519752775e+03 
       7.423612220804e-04       2.811175665087e+03 
       7.942818143901e-04       2.997159261690e+03 
       8.497948593084e-04       3.194846667385e+03 
       9.090344459923e-04       3.404484601366e+03 
       9.720995622189e-04       3.626168408061e+03 
       1.039048882157e-03       3.859826157532e+03 
       1.109897463525e-03       4.105210969474e+03 
       1.184615777047e-03       4.361902876441e+03 
       1.263131212480e-03       4.629320388356e+03 
       1.345331891431e-03       4.906740689942e+03 
       1.431072337316e-03       5.193326368292e+03 
       1.520180366080e-03       5.488155944353e+03 
       1.612464497359e-03       5.790255359869e+03 
       1.707721239005e-03       6.098627901098e+03 
       1.805741735243e-03       6.412280672757e+03 
       1.906317445321e-03       6.730246485268e+03 
       2.009244694242e-03       7.051600725097e+03 
       2.114328081838e-03       7.375473339366e+03 
       2.221382838538e-03       7.701056442521e+03 
       2.330236275376e-03       8.027608253383e+03 
       2.440728499608e-03       8.354454131458e+03 
       2.552712565896e-03       8.680985446450e+03 
       2.666054216373e-03       9.006656925409e+03 
       2.780631338935e-03       9.330983009314e+03 
       2.896333247307e-03       9.653533636431e+03 
       3.013059862166e-03       9.973929765487e+03 
       3.130720851603e-03       1.029183886346e+04 
       3.249234771951e-03       1.060697051173e+04 
       3.368528236517e-03       1.091907222962e+04 
       3.488535129510e-03       1.122792557342e+04 
       3.609195874977e-03       1.153334253994e+04 
       3.730456765249e-03       1.183516228273e+04 
       3.852269349732e-03       1.213324813609e+04 
       3.974589882514e-03       1.242748493268e+04 
       4.097378825736e-03       1.271777659600e+04 
       4.220600404856e-03       1.300404398624e+04 
       4.344222211530e-03       1.328622297708e+04 
       4.468214849740e-03       1.356426274145e+04 
       4.592551620892e-03       1.383812422507e+04 
       4.717208243849e-03       1.410777878817e+04 
       4.842162606110e-03       1.437320699704e+04 
       4.967394542702e-03       1.463439754910e+04 
       5.092885639653e-03       1.489134631640e+04 
       5.218619059237e-03       1.514405549436e+04 
       5.344579384483e-03       1.539253284373e+04 
       5.470752480720e-03       1.563679101527e+04 
       5.597125372174e-03       1.587684694775e+04 
       5.723686131880e-03       1.611272133100e+04 
       5.850423783358e-03       1.634443812661e+04 
       5.977328212707e-03       1.657202414001e+04 
       6.104390089911e-03       1.679550863794e+04 
       6.231600798311e-03       1.701492300656e+04 
       6.358952371315e-03       1.723030044560e+04 
       6.486437435537e-03       1.744167569466e+04 
       6.614049159636e-03       1.764908478823e+04 
       6.741781208243e-03       1.785256483640e+04 
       6.869627700396e-03       1.805215382843e+04 
       6.997583172017e-03       1.824789045693e+04 
       7.125642541972e-03       1.843981396051e+04 
       7.253801081359e-03       1.862796398290e+04 
       7.382054385658e-03       1.881238044703e+04 
       7.510398349466e-03       1.899310344252e+04 
       7.638829143537e-03       1.917017312520e+04 
       7.767343193899e-03       1.934362962763e+04 
       7.895937162834e-03       1.951351297942e+04 
       8.024607931537e-03       1.967986303656e+04 
       8.153352584294e-03       1.984271941883e+04 
       8.282168394012e-03       2.000212145454e+04 
       8.411052809001e-03       2.015810813202e+04 
       8.540003440858e-03       2.031071805721e+04 
       8.669018053363e-03       2.045998941674e+04 
       8.798094552302e-03       2.060595994618e+04 
       8.927230976109e-03       2.074866690289e+04 
       9.056425487273e-03       2.088814704312e+04 
       9.185676364425e-03       2.102443660305e+04 
       9.314981995059e-03       2.115757128335e+04 
       9.444340868822e-03       2.128758623713e+04 
       9.573751571319e-03       2.141451606080e+04 
       9.703212778403e-03       2.153839478785e+04 
       9.832723250899e-03       2.165925588513e+04 
       9.962281829721e-03       2.177713225152e+04 
       1.009188743136e-02       2.189205621882e+04 
       1.022153904372e-02       2.200405955468e+04 
       1.035123572221e-02       2.211317346738e+04 
       1.048097658621e-02       2.221942861236e+04 
       1.061076081572e-02       2.232285510039e+04 
       1.074058764826e-02       2.242348250716e+04 
       1.087045637605e-02       2.252133988434e+04 
       1.100036634331e-02       2.261645577181e+04 
       1.113031694381e-02       2.270885821112e+04 
       1.126030761857e-02       2.279857476000e+04 
       1.139033785375e-02       2.288563250786e+04 
       1.152040717862e-02       2.297005809218e+04 
       1.165051516378e-02       2.305187771574e+04 
       1.178066141939e-02       2.313111716451e+04 
       1.191084559360e-02       2.320780182634e+04 
       1.204106737108e-02       2.328195671007e+04 
       1.217132647160e-02       2.335360646529e+04 
       1.230162264882e-02       2.342277540248e+04 
       1.243195568902e-02       2.348948751352e+04 
       1.256232541005e-02       2.355376649253e+04 
       1.269273166027e-02       2.361563575696e+04 
       1.282317431762e-02       2.367511846881e+04 
       1.295365328872e-02       2.373223755602e+04 
       1.308416850806e-02       2.378701573388e+04 
       1.321471993723e-02       2.383947552638e+04 
       1.334530756425e-02       2.388963928758e+04 
       1.347593140287e-02       2.393752922278e+04 
       1.360659149203e-02       2.398316740946e+04 
       1.373728789528e-02       2.402657581805e+04 
       1.386802070028e-02       2.406777633230e+04 
       1.399879001836e-02       2.410679076932e+04 
       1.412959598405e-02       2.414364089919e+04 
       1.426043875479e-02       2.417834846405e+04 
       1.439131851047e-02       2.421093519669e+04 
       1.452223545322e-02       2.424142283851e+04 
       1.465318980709e-02       2.426983315689e+04 
       1.478418181780e-02       2.429618796181e+04 
       1.491521175252e-02       2.432050912178e+04 
       1.504627989973e-02       2.434281857895e+04 
       1.517738656900e-02       2.436313836344e+04 
       1.530853209090e-02       2.438149060679e+04 
       1.543971681688e-02       2.439789755449e+04 
       1.557094111917e-02       2.441238157761e+04 
       1.570220539075e-02       2.442496518344e+04 
       1.583351004531e-02       2.443567102518e+04 
       1.596485551719e-02       2.444452191059e+04 
       1.609624226147e-02       2.445154080959e+04 
       1.622767075391e-02       2.445675086084e+04 
       1.635914149107e-02       2.446017537723e+04 
       1.649065499033e-02       2.446183785033e+04 
       1.662221178998e-02       2.446176195373e+04 
       1.675381244937e-02       2.445997154529e+04 
       1.688545754897e-02       2.445649066833e+04 
       1.701714769057e-02       2.445134355174e+04 
       1.714888349741e-02       2.444455460900e+04 
       1.728066561433e-02       2.443614843619e+04 
       1.741249470803e-02       2.442614980892e+04 
       1.754437146724e-02       2.441458367823e+04 
       1.767629660295e-02       2.440147516557e+04 
       1.780827084865e-02       2.438684955673e+04 
       1.794029496063e-02       2.437073229485e+04 
       1.807236971820e-02       2.435314897258e+04 
       1.820449592406e-02       2.433412532330e+04 
       1.833667440453e-02       2.431368721155e+04 
       1.846890600993e-02       2.429186062266e+04 
       1.860119161494e-02       2.426867165163e+04 
       1.873353211890e-02       2.424414649134e+04 
       1.886592844626e-02       2.421831142008e+04 
       1.899838154692e-02       2.419119278846e+04 
       1.913089239668e-02       2.416281700586e+04 
       1.926346199766e-02       2.413321052624e+04 
       1.939609137875e-02       2.410239983366e+04 
       1.952878159607e-02       2.407041142729e+04 
       1.966153373344e-02       2.403727180612e+04 
       1.979434890295e-02       2.400300745343e+04 
       1.992722824539e-02       2.396764482097e+04 
       2.006017293084e-02       2.393121031299e+04 
       2.019318415925e-02       2.389373027015e+04 
       2.032626316097e-02       2.385523095337e+04 
       2.045941119738e-02       2.381573852765e+04 
       2.059262956150e-02       2.377527904591e+04 
       2.072591957864e-02       2.373387843295e+04 
       2.085928260704e-02       2.369156246950e+04 
       2.099272003858e-02       2.364835677646e+04 
       2.112623329948e-02       2.360428679939e+04 
       2.125982385102e-02       2.355937779320e+04 
       2.139349319030e-02       2.351365480718e+04 
       2.152724285099e-02       2.346714267037e+04 
       2.166107440419e-02       2.341986597729e+04 
       2.179498945920e-02       2.337184907407e+04 
       2.192898966440e-02       2.332311604504e+04 
       2.206307670813e-02       2.327369069974e+04 
       2.219725231958e-02       2.322359656048e+04 
       2.233151826975e-02       2.317285685034e+04 
       2.246587637239e-02       2.312149448177e+04 
       2.260032848502e-02       2.306953204568e+04 
       2.273487650993e-02       2.301699180114e+04 
       2.286952239528e-02       2.296389566561e+04 
       2.300426813611e-02       2.291026520579e+04 
       2.313911577558e-02       2.285612162907e+04 
       2.327406740603e-02       2.280148577553e+04 
       2.340912517023e-02       2.274637811058e+04 
       2.354429126259e-02       2.269081871820e+04 
       2.367956793045e-02       2.263482729478e+04 
       2.381495747539e-02       2.257842314353e+04 
       2.395046225457e-02       2.252162516951e+04 
       2.408608468215e-02       2.246445187527e+04 
       2.422182723071e-02       2.240692135698e+04 
       2.435769243276e-02       2.234905130123e+04 
       2.449368288227e-02       2.229085898233e+04 
       2.462980123622e-02       2.223236126015e+04 
       2.476605021628e-02       2.217357457850e+04 
       2.490243261050e-02       2.211451496404e+04 
       2.503895127503e-02       2.205519802566e+04 
       2.517560913590e-02       2.199563895435e+04 
       2.531240919095e-02       2.193585252356e+04 
       2.544935451167e-02       2.187585308996e+04 
       2.558644824527e-02       2.181565459462e+04 
       2.572369361664e-02       2.175527056468e+04 
       2.586109393055e-02       2.169471411532e+04 
       2.599865257378e-02       2.163399795212e+04 
       2.613637301742e-02       2.157313437376e+04 
       2.627425881922e-02       2.151213527510e+04 
       2.641231362598e-02       2.145101215049e+04 
       2.655054117606e-02       2.138977609739e+04 
       2.668894530201e-02       2.132843782029e+04 
       2.682752993323e-02       2.126700763482e+04 
       2.696629909873e-02       2.120549547213e+04 
       2.710525693003e-02       2.114391088345e+04 
       2.724440766412e-02       2.108226304484e+04 
       2.738375564659e-02       2.102056076210e+04 
       2.752330533475e-02       2.095881247586e+04 
       2.766306130101e-02       2.089702626674e+04 
       2.780302823627e-02       2.083520986068e+04 
       2.794321095351e-02       2.077337063435e+04 
       2.808361439146e-02       2.071151562061e+04 
       2.822424361844e-02       2.064965151406e+04 
       2.836510383631e-02       2.058778467662e+04 
       2.850620038463e-02       2.052592114316e+04 
       2.864753874491e-02       2.046406662711e+04 
       2.878912454508e-02       2.040222652614e+04 
       2.893096356407e-02       2.034040592772e+04 
       2.907306173665e-02       2.027860961476e+04 
       2.921542515838e-02       2.021684207116e+04 
       2.935806009081e-02       2.015510748732e+04 
       2.950097296687e-02       2.009340976557e+04 
       2.964417039648e-02       2.003175252556e+04 
       2.978765917237e-02       1.997013910954e+04 
       2.993144627617e-02       1.990857258758e+04 
       3.007553888471e-02       1.984705576263e+04 
       3.021994437664e-02       1.978559117550e+04 
       3.036467033925e-02       1.972418110975e+04 
       3.050972457568e-02       1.966282759639e+04 
       3.065511511232e-02       1.960153241846e+04 
       3.080085020661e-02       1.954029711549e+04 
       3.094693835517e-02       1.947912298779e+04 
       3.109338830227e-02       1.941801110051e+04 
       3.124020904864e-02       1.935696228768e+04 
       3.138740986075e-02       1.929597715592e+04 
       3.153500028045e-02       1.923505608805e+04 
       3.168299013504e-02       1.917419924649e+04 
       3.183138954786e-02       1.911340657647e+04 
       3.198020894932e-02       1.905267780899e+04 
       3.212945908844e-02       1.899201246365e+04 
       3.227915104496e-02       1.893140985118e+04 
       3.242929624201e-02       1.887086907581e+04 
       3.257990645941e-02       1.881038903736e+04 
       3.273099384757e-02       1.874996843310e+04 
       3.288257094211e-02       1.868960575941e+04 
       3.303465067917e-02       1.862929931311e+04 
       3.318724641153e-02       1.856904719259e+04 
       3.334037192550e-02       1.850884729862e+04 
       3.349404145863e-02       1.844869733494e+04 
       3.364826971849e-02       1.838859480850e+04 
       3.380307190218e-02       1.832853702941e+04 
       3.395846371712e-02       1.826852111068e+04 
       3.411446140275e-02       1.820854396744e+04 
       3.427108175347e-02       1.814860231606e+04 
       3.442834214282e-02       1.808869267271e+04 
       3.458626054901e-02       1.802881135176e+04 
       3.474485558176e-02       1.796895446362e+04 
       3.490414651075e-02       1.790911791233e+04 
       3.506415329566e-02       1.784929739268e+04 
       3.522489661784e-02       1.778948838691e+04 
       3.538639791394e-02       1.772968616099e+04 
       3.554867941139e-02       1.766988576038e+04 
       3.571176416607e-02       1.761008200535e+04 
       3.587567610217e-02       1.755026948575e+04 
       3.604044005449e-02       1.749044255529e+04 
       3.620608181334e-02       1.743059532514e+04 
       3.637262817222e-02       1.737072165703e+04 
       3.654010697846e-02       1.731081515563e+04 
       3.670854718715e-02       1.725086916027e+04 
       3.687797891842e-02       1.719087673599e+04 
       3.704843351862e-02       1.713083066367e+04 
       3.721994362539e-02       1.707072342951e+04 
       3.739254323712e-02       1.701054721346e+04 
       3.756626778718e-02       1.695029387689e+04 
       3.774115422314e-02       1.688995494903e+04 
       3.791724109156e-02       1.682952161255e+04 
       3.809456862879e-02       1.676898468780e+04 
       3.827317885811e-02       1.670833461589e+04 
       3.845311569413e-02       1.664756144041e+04 
       3.863442505463e-02       1.658665478762e+04 
       3.881715498090e-02       1.652560384519e+04 
       3.900135576708e-02       1.646439733910e+04 
       3.918708009950e-02       1.640302350881e+04 
       3.937438320676e-02       1.634147008030e+04 
       3.956332302176e-02       1.627972423702e+04 
       3.975396035668e-02       1.621777258843e+04 
       3.994635909223e-02       1.615560113591e+04 
       4.014058638256e-02       1.609319523591e+04 
       4.033671287736e-02       1.603053955990e+04 
       4.053481296297e-02       1.596761805099e+04 
       4.073496502438e-02       1.590441387680e+04 
       4.093725173042e-02       1.584090937821e+04 
       4.114176034447e-02       1.577708601363e+04 
       4.134858306356e-02       1.571292429821e+04 
       4.155781738899e-02       1.564840373767e+04 
       4.176956653196e-02       1.558350275588e+04 
       4.198393985825e-02       1.551819861582e+04 
       4.220105337644e-02       1.545246733298e+04 
       4.242103027489e-02       1.538628358038e+04 
       4.264400151333e-02       1.531962058437e+04 
       4.287010647577e-02       1.525245000993e+04 
       4.309949369239e-02       1.518474183445e+04 
       4.333232163924e-02       1.511646420833e+04 
       4.356875962590e-02       1.504758330104e+04 
       4.380898878278e-02       1.497806313061e+04 
       4.405320316146e-02       1.490786537445e+04 
       4.430161096392e-02       1.483694915916e+04 
       4.455443591867e-02       1.476527082633e+04 
       4.481191882511e-02       1.469278367122e+04 
       4.507431929087e-02       1.461943765044e+04 
       4.534191769131e-02       1.454517905424e+04 
       4.561501738540e-02       1.446995013816e+04 
       4.589394722835e-02       1.439368870825e+04 
       4.617906442912e-02       1.431632765248e+04 
       4.647075780967e-02       1.423779441018e+04 
       4.676945153402e-02       1.415801036973e+04 
       4.707560938865e-02       1.407689018258e+04 
       4.738973971239e-02       1.399434098008e+04 
       4.771240109399e-02       1.391026147630e+04 
       4.804420898123e-02       1.382454093736e+04 
       4.838584337619e-02       1.373705799343e+04 
       4.873805783065e-02       1.364767926495e+04 
       4.910169000422e-02       1.355625776877e+04 
       4.947767410912e-02       1.346263106273e+04 
       4.986705564307e-02       1.336661907820e+04 
       5.027100890973e-02       1.326802157966e+04 
       5.069085795060e-02       1.316661517708e+04 
       5.112810167079e-02       1.306214980107e+04 
       5.158444414344e-02       1.295434453161e+04 
       5.206183133451e-02       1.284288264872e+04 
       5.256249581769e-02       1.272740574746e+04 
       5.308901146215e-02       1.260750673117e+04 
       5.364436059291e-02       1.248272146838e+04 
       5.423201675509e-02       1.235251887545e+04 
       5.485604695854e-02       1.221628918077e+04 
       5.552123809793e-02       1.207333015784e+04 
       5.623325301396e-02       1.192283122669e+04 
       5.699882209022e-02       1.176385558990e+04 
       5.782597572877e-02       1.159532112782e+04 
       5.872432021605e-02       1.141598186356e+04 
       5.970535186659e-02       1.122441381468e+04 
       6.078278733210e-02       1.101901258355e+04 
       6.197285391602e-02       1.079801590154e+04 
       6.329442167047e-02       1.055957320366e+04 
       6.476875867930e-02       1.030189550767e+04 
       6.641855901619e-02       1.002352738518e+04 
       6.826579461548e-02       9.723773936580e+03 
       7.032806334432e-02       9.403261774883e+03 
       7.261374203428e-02       9.064489710747e+03 
       7.511749158628e-02       8.712070580255e+03 
       7.781871042584e-02       8.352344855605e+03 
       8.068477330211e-02       7.992337112517e+03 
       8.367798366692e-02       7.638487092616e+03 
       8.676272126168e-02       7.295746794027e+03 
       8.990983471932e-02       6.967313981521e+03 
       9.309778928524e-02       6.654855236414e+03 
       9.631175980455e-02       6.358923112971e+03 
       9.954200676961e-02       6.079356805657e+03 
       1.027823216668e-01       5.815584571342e+03 
       1.060288212453e-01       5.566824311781e+03 
       1.092791050340e-01       5.332206291789e+03 
       1.125316997741e-01       5.110843906500e+03 
       1.157857051540e-01       4.901872275223e+03 
       1.190405723570e-01       4.704467802053e+03 
       1.222959672682e-01       4.517856837931e+03 
       1.255516865778e-01       4.341318281904e+03 
       1.288076065494e-01       4.174182927756e+03 
       1.320636518142e-01       4.015831154970e+03 
       1.353197763936e-01       3.865689860856e+03 
       1.385759521683e-01       3.723229127643e+03 
       1.418321618749e-01       3.587958889281e+03 
       1.450883948541e-01       3.459425733582e+03 
       1.483446444689e-01       3.337209903308e+03 
       1.516009065359e-01       3.220922520214e+03 
       1.548571783732e-01       3.110203034751e+03 
       1.581134582212e-01       3.004716893177e+03 
       1.613697448899e-01       2.904153408567e+03 
       1.646260375445e-01       2.808223820159e+03 
       1.678823355737e-01       2.716659525116e+03 
       1.711386385101e-01       2.629210467294e+03 
       1.743949459801e-01       2.545643668558e+03 
       1.776512576737e-01       2.465741889334e+03 
       1.809075733253e-01       2.389302406222e+03 
       1.841638927014e-01       2.316135895622e+03 
       1.874202155931e-01       2.246065413423e+03 
       1.906765418108e-01       2.178925461711e+03 
       1.939328711805e-01       2.114561134421e+03 
       1.971892035421e-01       2.052827334586e+03 
       2.004455387466e-01       1.993588056615e+03 
       2.037018766555e-01       1.936715727653e+03 
       2.069582171396e-01       1.882090602666e+03 
       2.102145600778e-01       1.829600208428e+03 
       2.134709053568e-01       1.779138832040e+03 
       2.167272528701e-01       1.730607050047e+03 
       2.199836025177e-01       1.683911294588e+03 
       2.232399542053e-01       1.638963453358e+03 
       2.264963078445e-01       1.595680500463e+03 
       2.297526633515e-01       1.553984155530e+03 
       2.330090206476e-01       1.513800568662e+03 
       2.362653796583e-01       1.475060029082e+03 
       2.395217403131e-01       1.437696695472e+03 
       2.427781025454e-01       1.401648346225e+03 
       2.460344662922e-01       1.366856147965e+03 
       2.492908314938e-01       1.333264440864e+03 
       2.525471980935e-01       1.300820539380e+03 
       2.558035660376e-01       1.269474547208e+03 
       2.590599352750e-01       1.239179185292e+03 
       2.623163057574e-01       1.209889631888e+03 
       2.655726774386e-01       1.181563373726e+03 
       2.688290502748e-01       1.154160067421e+03 
       2.720854242243e-01       1.127641410341e+03 
       2.753417992474e-01       1.101971020212e+03 
       2.785981753062e-01       1.077114322806e+03 
       2.818545523646e-01       1.053038447100e+03 
       2.851109303881e-01       1.029712127348e+03 
       2.883673093440e-01       1.007105611576e+03 
       2.916236892006e-01       9.851905760016e+02 
       2.948800699282e-01       9.639400449720e+02 
       2.981364514979e-01       9.433283160124e+02 
       3.013928338823e-01       9.233308896220e+02 
       3.046492170552e-01       9.039244034813e+02 
       3.079056009914e-01       8.850865707622e+02 
       3.111619856669e-01       8.667961222515e+02 
       3.144183710584e-01       8.490327520278e+02 
       3.176747571440e-01       8.317770664442e+02 
       3.209311439024e-01       8.150105361943e+02 
       3.241875313131e-01       7.987154512508e+02 
       3.274439193567e-01       7.828748784855e+02 
       3.307003080143e-01       7.674726217906e+02 
       3.339566972679e-01       7.524931845375e+02 
       3.372130871002e-01       7.379217342177e+02 
       3.404694774945e-01       7.237440691254e+02 
       3.437258684347e-01       7.099465869485e+02 
       3.469822599053e-01       6.965162551458e+02 
       3.502386518916e-01       6.834405829973e+02 
       3.534950443792e-01       6.707075952196e+02 
       3.567514373542e-01       6.583058070507e+02 
       3.600078308035e-01       6.462242007104e+02 
       3.632642247142e-01       6.344522031519e+02 
       3.665206190740e-01       6.229796650253e+02 
       3.697770138709e-01       6.117968407784e+02 
       3.730334090935e-01       6.008943698264e+02 
       3.762898047306e-01       5.902632587251e+02 
       3.795462007715e-01       5.798948642890e+02 
       3.828025972060e-01       5.697808775965e+02 
       3.860589940239e-01       5.599133088313e+02 
       3.893153912156e-01       5.502844729095e+02 
       3.925717887718e-01       5.408869758484e+02 
       3.958281866835e-01       5.317137018314e+02 
       3.990845849418e-01       5.227578009326e+02 
       4.023409835385e-01       5.140126774600e+02 
       4.055973824652e-01       5.054719788837e+02 
       4.088537817140e-01       4.971295853171e+02 
       4.121101812774e-01       4.889795995176e+02 
       4.153665811478e-01       4.810163373808e+02 
       4.186229813181e-01       4.732343188980e+02 
       4.218793817813e-01       4.656282595541e+02 
       4.251357825307e-01       4.581930621401e+02 
       4.283921835596e-01       4.509238089588e+02 
       4.316485848618e-01       4.438157544014e+02 
       4.349049864311e-01       4.368643178764e+02 
       4.381613882615e-01       4.300650770708e+02 
       4.414177903472e-01       4.234137615271e+02 
       4.446741926825e-01       4.169062465186e+02 
       4.479305952621e-01       4.105385472076e+02 
       4.511869980806e-01       4.043068130726e+02 
       4.544434011329e-01       3.982073225893e+02 
       4.576998044139e-01       3.922364781535e+02 
       4.609562079187e-01       3.863908012324e+02 
       4.642126116428e-01       3.806669277342e+02 
       4.674690155813e-01       3.750616035834e+02 
       4.707254197300e-01       3.695716804927e+02 
       4.739818240844e-01       3.641941119212e+02 
       4.772382286404e-01       3.589259492089e+02 
       4.804946333937e-01       3.537643378810e+02 
       4.837510383405e-01       3.487065141108e+02 
       4.870074434767e-01       3.437498013359e+02 
       4.902638487987e-01       3.388916070188e+02 
       4.935202543027e-01       3.341294195456e+02 
       4.967766599852e-01       3.294608052561e+02 
       5.000330658426e-01       3.248834055984e+02 
       5.032894718716e-01       3.203949344036e+02 
       5.065458780688e-01       3.159931752730e+02 
       5.098022844309e-01       3.116759790738e+02 
       5.130586909549e-01       3.074412615386e+02 
       5.163150976377e-01       3.032870009622e+02 
       5.195715044763e-01       2.992112359925e+02 
       5.228279114677e-01       2.952120635117e+02 
       5.260843186091e-01       2.912876366018e+02 
       5.293407258977e-01       2.874361625924e+02 
       5.325971333308e-01       2.836559011859e+02 
       5.358535409058e-01       2.799451626573e+02 
       5.391099486202e-01       2.763023061252e+02 
       5.423663564713e-01       2.727257378899e+02 
       5.456227644567e-01       2.692139098376e+02 
       5.488791725740e-01       2.657653179055e+02 
       5.521355808210e-01       2.623785006068e+02 
       5.553919891952e-01       2.590520376123e+02 
       5.586483976945e-01       2.557845483861e+02 
       5.619048063167e-01       2.525746908733e+02 
       5.651612150596e-01       2.494211602377e+02 
       5.684176239212e-01       2.463226876467e+02 
       5.716740328995e-01       2.432780391015e+02 
       5.990060810813e-01       2.196891205234e+02 
       6.298516730217e-01       1.967539727868e+02 
       6.654465913689e-01       1.742592709941e+02 
       7.077921610807e-01       1.519361058972e+02 
       7.603710148002e-01       1.294328518785e+02 
       8.297814581343e-01       1.062976947147e+02 
       9.295985058175e-01       8.209149928176e+01 
       1.087508691526e+00       5.721317837333e+01 
       1.338742200190e+00       3.521910865343e+01 
       1.682633029034e+00       2.047980886689e+01 
       2.118257864736e+00       1.176595590899e+01 
       2.666728464651e+00       6.707250091927e+00 
       3.357212230406e+00       3.795999522692e+00 
       4.226479789644e+00       2.133934050473e+00 
       5.320822809617e+00       1.192088405042e+00 
       6.698519046681e+00       6.620644122114e-01 
       8.432935849254e+00       3.657126202500e-01 
       1.061643723666e+01       2.010027805567e-01 
       1.336530261994e+01       1.099640863363e-01 
       1.682591910457e+01       5.990176440028e-02 
       2.118257713753e+01       3.250200336677e-02 
