# Matter power spectrum P(k) at redshift z=0
# for k=1.05826e-05 to 21.1826 h/Mpc,
# number of wavenumbers equal to 561
#    1:k (h/Mpc)              2:P (Mpc/h)^3        
       1.058261180196e-05       4.655971485478e+01 
       2.363431463453e-05       1.010995929084e+02 
       3.673312263357e-05       1.547265793381e+02 
       4.991522204024e-05       2.080099558571e+02 
       6.321741330438e-05       2.612781747712e+02 
       7.667744794647e-05       3.147801482525e+02 
       9.033437646342e-05       3.687306840670e+02 
       1.042289120188e-04       4.233289705686e+02 
       1.184038146935e-04       4.787682502291e+02 
       1.329043011085e-04       5.352416207072e+02 
       1.477784842285e-04       5.929462343019e+02 
       1.630778480829e-04       6.520864175671e+02 
       1.788577619147e-04       7.128766626191e+02 
       1.951780378295e-04       7.755439248694e+02 
       2.121035352249e-04       8.403302450526e+02 
       2.297048140027e-04       9.074951801755e+02 
       2.480588365897e-04       9.773182285799e+02 
       2.672497158609e-04       1.050101319410e+03 
       2.873695018561e-04       1.126171286989e+03 
       3.085189943159e-04       1.205882183584e+03 
       3.308085600984e-04       1.289617687825e+03 
       3.543589240188e-04       1.377793018502e+03 
       3.793018881710e-04       1.470856465890e+03 
       4.057809181112e-04       1.569290428821e+03 
       4.339515145640e-04       1.673611020458e+03 
       4.639812673523e-04       1.784366882007e+03 
       4.960494659542e-04       1.902135915746e+03 
       5.303461218052e-04       2.027519489221e+03 
       5.670702464817e-04       2.161134562234e+03 
       6.064272344666e-04       2.303601636182e+03 
       6.486252280757e-04       2.455530164951e+03 
       6.938704040427e-04       2.617499320873e+03 
       7.423612220804e-04       2.790036495129e+03 
       7.942818143901e-04       2.973592547876e+03 
       8.497948593084e-04       3.168516515576e+03 
       9.090344459923e-04       3.375031244928e+03 
       9.720995622189e-04       3.593212227249e+03 
       1.039048882157e-03       3.822972437694e+03 
       1.109897463525e-03       4.064054999819e+03 
       1.184615777047e-03       4.316034893193e+03 
       1.263131212480e-03       4.578331373582e+03 
       1.345331891431e-03       4.850226136498e+03 
       1.431072337316e-03       5.130856527713e+03 
       1.520180366080e-03       5.419342292078e+03 
       1.612464497359e-03       5.714730206825e+03 
       1.707721239005e-03       6.016043301545e+03 
       1.805741735243e-03       6.322310534914e+03 
       1.906317445321e-03       6.632588248844e+03 
       2.009244694242e-03       6.945976402427e+03 
       2.114328081838e-03       7.261630082244e+03 
       2.221382838538e-03       7.578767594831e+03 
       2.330236275376e-03       7.896673447064e+03 
       2.440728499608e-03       8.214699783258e+03 
       2.552712565896e-03       8.532263768306e+03 
       2.666054216373e-03       8.848846370017e+03 
       2.780631338935e-03       9.163987063852e+03 
       2.896333247307e-03       9.477279916001e+03 
       3.013059862166e-03       9.788369279468e+03 
       3.130720851603e-03       1.009694405885e+04 
       3.249234771951e-03       1.040273450421e+04 
       3.368528236517e-03       1.070550568585e+04 
       3.488535129510e-03       1.100505764497e+04 
       3.609195874977e-03       1.130121750364e+04 
       3.730456765249e-03       1.159383758917e+04 
       3.852269349732e-03       1.188279320262e+04 
       3.974589882514e-03       1.216798136284e+04 
       4.097378825736e-03       1.244931406531e+04 
       4.220600404856e-03       1.272672113956e+04 
       4.344222211530e-03       1.300014506106e+04 
       4.468214849740e-03       1.326954147068e+04 
       4.592551620892e-03       1.353487470375e+04 
       4.717208243849e-03       1.379612153980e+04 
       4.842162606110e-03       1.405326084895e+04 
       4.967394542702e-03       1.430628704415e+04 
       5.092885639653e-03       1.455520015462e+04 
       5.218619059237e-03       1.479999519113e+04 
       5.344579384483e-03       1.504068047368e+04 
       5.470752480720e-03       1.527726184426e+04 
       5.597125372174e-03       1.550976114075e+04 
       5.723686131880e-03       1.573819449221e+04 
       5.850423783358e-03       1.596257862696e+04 
       5.977328212707e-03       1.618294542204e+04 
       6.104390089911e-03       1.639931033231e+04 
       6.231600798311e-03       1.661170610182e+04 
       6.358952371315e-03       1.682016375641e+04 
       6.486437435537e-03       1.702470451155e+04 
       6.614049159636e-03       1.722537209718e+04 
       6.741781208243e-03       1.742219161836e+04 
       6.869627700396e-03       1.761519710231e+04 
       6.997583172017e-03       1.780442246228e+04 
       7.125642541972e-03       1.798991017810e+04 
       7.253801081359e-03       1.817168652996e+04 
       7.382054385658e-03       1.834978757017e+04 
       7.510398349466e-03       1.852425400084e+04 
       7.638829143537e-03       1.869511929170e+04 
       7.767343193899e-03       1.886242494736e+04 
       7.895937162834e-03       1.902619644214e+04 
       8.024607931537e-03       1.918648630484e+04 
       8.153352584294e-03       1.934331947099e+04 
       8.282168394012e-03       1.949673623045e+04 
       8.411052809001e-03       1.964677170091e+04 
       8.540003440858e-03       1.979347138506e+04 
       8.669018053363e-03       1.993686593616e+04 
       8.798094552302e-03       2.007698972907e+04 
       8.927230976109e-03       2.021388338486e+04 
       9.056425487273e-03       2.034757748927e+04 
       9.185676364425e-03       2.047811427089e+04 
       9.314981995059e-03       2.060552681776e+04 
       9.444340868822e-03       2.072984466168e+04 
       9.573751571319e-03       2.085111066599e+04 
       9.703212778403e-03       2.096935666429e+04 
       9.832723250899e-03       2.108461105690e+04 
       9.962281829721e-03       2.119691108154e+04 
       1.009188743136e-02       2.130629587772e+04 
       1.022153904372e-02       2.141278843969e+04 
       1.035123572221e-02       2.151643338026e+04 
       1.048097658621e-02       2.161725424301e+04 
       1.061076081572e-02       2.171528534566e+04 
       1.074058764826e-02       2.181056017196e+04 
       1.087045637605e-02       2.190310694520e+04 
       1.100036634331e-02       2.199296409305e+04 
       1.113031694381e-02       2.208015321402e+04 
       1.126030761857e-02       2.216471138416e+04 
       1.139033785375e-02       2.224667631448e+04 
       1.152040717862e-02       2.232605751342e+04 
       1.165051516378e-02       2.240290048184e+04 
       1.178066141939e-02       2.247723923609e+04 
       1.191084559360e-02       2.254909284009e+04 
       1.204106737108e-02       2.261849210037e+04 
       1.217132647160e-02       2.268547593087e+04 
       1.230162264882e-02       2.275005493038e+04 
       1.243195568902e-02       2.281227736751e+04 
       1.256232541005e-02       2.287216419486e+04 
       1.269273166027e-02       2.292975175565e+04 
       1.282317431762e-02       2.298505942395e+04 
       1.295365328872e-02       2.303812178055e+04 
       1.308416850806e-02       2.308895858355e+04 
       1.321471993723e-02       2.313759357493e+04 
       1.334530756425e-02       2.318407607442e+04 
       1.347593140287e-02       2.322840245171e+04 
       1.360659149203e-02       2.327061904317e+04 
       1.373728789528e-02       2.331074151674e+04 
       1.386802070028e-02       2.334881605156e+04 
       1.399879001836e-02       2.338484894438e+04 
       1.412959598405e-02       2.341886943689e+04 
       1.426043875479e-02       2.345090242892e+04 
       1.439131851047e-02       2.348098119004e+04 
       1.452223545322e-02       2.350911884080e+04 
       1.465318980709e-02       2.353535555425e+04 
       1.478418181780e-02       2.355970085301e+04 
       1.491521175252e-02       2.358218516667e+04 
       1.504627989973e-02       2.360283216604e+04 
       1.517738656900e-02       2.362166656299e+04 
       1.530853209090e-02       2.363870557760e+04 
       1.543971681688e-02       2.365398851662e+04 
       1.557094111917e-02       2.366749775525e+04 
       1.570220539075e-02       2.367929699781e+04 
       1.583351004531e-02       2.368955553209e+04 
       1.596485551719e-02       2.369817958253e+04 
       1.609624226147e-02       2.370498004132e+04 
       1.622767075391e-02       2.371009466901e+04 
       1.635914149107e-02       2.371364379987e+04 
       1.649065499033e-02       2.371558784058e+04 
       1.662221178998e-02       2.371596265626e+04 
       1.675381244937e-02       2.371478537394e+04 
       1.688545754897e-02       2.371210127759e+04 
       1.701714769057e-02       2.370790560293e+04 
       1.714888349741e-02       2.370222138343e+04 
       1.728066561433e-02       2.369508594841e+04 
       1.741249470803e-02       2.368649947219e+04 
       1.754437146724e-02       2.367649934169e+04 
       1.767629660295e-02       2.366508105147e+04 
       1.780827084865e-02       2.365228971648e+04 
       1.794029496063e-02       2.363813881175e+04 
       1.807236971820e-02       2.362263996627e+04 
       1.820449592406e-02       2.360582464861e+04 
       1.833667440453e-02       2.358770034502e+04 
       1.846890600993e-02       2.356830238531e+04 
       1.860119161494e-02       2.354761775770e+04 
       1.873353211890e-02       2.352571251588e+04 
       1.886592844626e-02       2.350257460032e+04 
       1.899838154692e-02       2.347823437070e+04 
       1.913089239668e-02       2.345269394078e+04 
       1.926346199766e-02       2.342598754861e+04 
       1.939609137875e-02       2.339810684435e+04 
       1.952878159607e-02       2.336912118436e+04 
       1.966153373344e-02       2.333899726536e+04 
       1.979434890295e-02       2.330777890260e+04 
       1.992722824539e-02       2.327549970721e+04 
       2.006017293084e-02       2.324213073107e+04 
       2.019318415925e-02       2.320771259439e+04 
       2.032626316097e-02       2.317230476594e+04 
       2.045941119738e-02       2.313585671938e+04 
       2.059262956150e-02       2.309843154397e+04 
       2.072591957864e-02       2.306001324616e+04 
       2.085928260704e-02       2.302063419394e+04 
       2.099272003858e-02       2.298033673182e+04 
       2.112623329948e-02       2.293910215673e+04 
       2.125982385102e-02       2.289696234041e+04 
       2.139349319030e-02       2.285392101919e+04 
       2.152724285099e-02       2.281002110579e+04 
       2.166107440419e-02       2.276521784997e+04 
       2.179498945920e-02       2.271962805843e+04 
       2.192898966440e-02       2.267320703559e+04 
       2.206307670813e-02       2.262595163892e+04 
       2.219725231958e-02       2.257790492014e+04 
       2.233151826975e-02       2.252907207643e+04 
       2.246587637239e-02       2.247948941024e+04 
       2.260032848502e-02       2.242915377822e+04 
       2.273487650993e-02       2.237810816352e+04 
       2.286952239528e-02       2.232632522444e+04 
       2.300426813611e-02       2.227384441684e+04 
       2.313911577558e-02       2.222066434551e+04 
       2.327406740603e-02       2.216682049484e+04 
       2.340912517023e-02       2.211228545905e+04 
       2.354429126259e-02       2.205712762707e+04 
       2.367956793045e-02       2.200130901143e+04 
       2.381495747539e-02       2.194485549837e+04 
       2.395046225457e-02       2.188793872421e+04 
       2.408608468215e-02       2.183036219945e+04 
       2.422182723071e-02       2.177221491780e+04 
       2.435769243276e-02       2.171348974542e+04 
       2.449368288227e-02       2.165412764736e+04 
       2.462980123622e-02       2.159425209946e+04 
       2.476605021628e-02       2.153406808579e+04 
       2.490243261050e-02       2.147306460797e+04 
       2.503895127503e-02       2.141169326631e+04 
       2.517560913590e-02       2.135014456879e+04 
       2.531240919095e-02       2.128780801385e+04 
       2.544935451167e-02       2.122509458349e+04 
       2.558644824527e-02       2.116207179726e+04 
       2.572369361664e-02       2.109816425608e+04 
       2.586109393055e-02       2.103412939603e+04 
       2.599865257378e-02       2.096976761308e+04 
       2.613637301742e-02       2.090489140629e+04 
       2.627425881922e-02       2.083967104531e+04 
       2.641231362598e-02       2.077420235465e+04 
       2.655054117606e-02       2.070801250543e+04 
       2.668894530201e-02       2.064190133342e+04 
       2.682752993323e-02       2.057519828123e+04 
       2.696629909873e-02       2.050806271764e+04 
       2.710525693003e-02       2.044076042304e+04 
       2.724440766412e-02       2.037334427211e+04 
       2.738375564659e-02       2.030541366529e+04 
       2.752330533475e-02       2.023699959764e+04 
       2.766306130101e-02       2.016868941287e+04 
       2.780302823627e-02       2.009999150049e+04 
       2.794321095351e-02       2.003078820097e+04 
       2.808361439146e-02       1.996160476293e+04 
       2.822424361844e-02       1.989232208359e+04 
       2.836510383631e-02       1.982245000580e+04 
       2.850620038463e-02       1.975244152390e+04 
       2.864753874491e-02       1.968242085827e+04 
       2.878912454508e-02       1.961206501169e+04 
       2.893096356407e-02       1.954148345183e+04 
       2.907306173665e-02       1.947063809627e+04 
       2.921542515838e-02       1.939998346787e+04 
       2.935806009081e-02       1.932880473538e+04 
       2.950097296687e-02       1.925750904204e+04 
       2.964417039648e-02       1.918607384713e+04 
       2.978765917237e-02       1.911467602883e+04 
       2.993144627617e-02       1.904285739611e+04 
       3.007553888471e-02       1.897115739516e+04 
       3.021994437664e-02       1.889932943403e+04 
       3.036467033925e-02       1.882725698308e+04 
       3.050972457568e-02       1.875507435978e+04 
       3.065511511232e-02       1.868295311093e+04 
       3.080085020661e-02       1.861059644787e+04 
       3.094693835517e-02       1.853823812880e+04 
       3.109338830227e-02       1.846584978894e+04 
       3.124020904864e-02       1.839345372395e+04 
       3.138740986075e-02       1.832062752209e+04 
       3.153500028045e-02       1.824809363792e+04 
       3.168299013504e-02       1.817530942328e+04 
       3.183138954786e-02       1.810256767695e+04 
       3.198020894932e-02       1.802975224558e+04 
       3.212945908844e-02       1.795698995223e+04 
       3.227915104496e-02       1.788425143575e+04 
       3.242929624201e-02       1.781119140276e+04 
       3.257990645941e-02       1.773838337618e+04 
       3.273099384757e-02       1.766551615752e+04 
       3.288257094211e-02       1.759245758719e+04 
       3.303465067917e-02       1.751959633163e+04 
       3.318724641153e-02       1.744645077579e+04 
       3.334037192550e-02       1.737352067180e+04 
       3.349404145863e-02       1.730090245043e+04 
       3.364826971849e-02       1.722800401418e+04 
       3.380307190218e-02       1.715507192976e+04 
       3.395846371712e-02       1.708213755063e+04 
       3.411446140275e-02       1.700915055959e+04 
       3.427108175347e-02       1.693657678499e+04 
       3.442834214282e-02       1.686382925751e+04 
       3.458626054901e-02       1.679102308043e+04 
       3.474485558176e-02       1.671834726414e+04 
       3.490414651075e-02       1.664546700109e+04 
       3.506415329566e-02       1.657309611749e+04 
       3.522489661784e-02       1.650046474351e+04 
       3.538639791394e-02       1.642782255854e+04 
       3.554867941139e-02       1.635543866101e+04 
       3.571176416607e-02       1.628306231766e+04 
       3.587567610217e-02       1.621064482494e+04 
       3.604044005449e-02       1.613825495800e+04 
       3.620608181334e-02       1.606602860669e+04 
       3.637262817222e-02       1.599377912696e+04 
       3.654010697846e-02       1.592163821719e+04 
       3.670854718715e-02       1.584954105719e+04 
       3.687797891842e-02       1.577743624229e+04 
       3.704843351862e-02       1.570552050241e+04 
       3.721994362539e-02       1.563342634615e+04 
       3.739254323712e-02       1.556177858628e+04 
       3.756626778718e-02       1.548976693077e+04 
       3.774115422314e-02       1.541814544718e+04 
       3.791724109156e-02       1.534631512705e+04 
       3.809456862879e-02       1.527493447471e+04 
       3.827317885811e-02       1.520331952289e+04 
       3.845311569413e-02       1.513181710438e+04 
       3.863442505463e-02       1.506024340925e+04 
       3.881715498090e-02       1.498884074943e+04 
       3.900135576708e-02       1.491752213041e+04 
       3.918708009950e-02       1.484616664126e+04 
       3.937438320676e-02       1.477488342552e+04 
       3.956332302176e-02       1.470354561724e+04 
       3.975396035668e-02       1.463255373393e+04 
       3.994635909223e-02       1.456131915689e+04 
       4.014058638256e-02       1.449016144310e+04 
       4.033671287736e-02       1.441908675144e+04 
       4.053481296297e-02       1.434793560364e+04 
       4.073496502438e-02       1.427690325169e+04 
       4.093725173042e-02       1.420582256650e+04 
       4.114176034447e-02       1.413480738278e+04 
       4.134858306356e-02       1.406363918209e+04 
       4.155781738899e-02       1.399260329152e+04 
       4.176956653196e-02       1.392151628630e+04 
       4.198393985825e-02       1.385042129692e+04 
       4.220105337644e-02       1.377932002106e+04 
       4.242103027489e-02       1.370813770898e+04 
       4.264400151333e-02       1.363692419477e+04 
       4.287010647577e-02       1.356560723185e+04 
       4.309949369239e-02       1.349428375570e+04 
       4.333232163924e-02       1.342286530838e+04 
       4.356875962590e-02       1.335124007846e+04 
       4.380898878278e-02       1.327941255451e+04 
       4.405320316146e-02       1.320778939709e+04 
       4.430161096392e-02       1.313587026188e+04 
       4.455443591867e-02       1.306389341537e+04 
       4.481191882511e-02       1.299153821042e+04 
       4.507431929087e-02       1.291912492018e+04 
       4.534191769131e-02       1.284628777909e+04 
       4.561501738540e-02       1.277369103980e+04 
       4.589394722835e-02       1.270033211968e+04 
       4.617906442912e-02       1.262703271818e+04 
       4.647075780967e-02       1.255325216880e+04 
       4.676945153402e-02       1.247921245486e+04 
       4.707560938865e-02       1.240454718772e+04 
       4.738973971239e-02       1.232977540228e+04 
       4.771240109399e-02       1.225455515413e+04 
       4.804420898123e-02       1.217871639617e+04 
       4.838584337619e-02       1.210233561786e+04 
       4.873805783065e-02       1.202524713013e+04 
       4.910169000422e-02       1.194762481970e+04 
       4.947767410912e-02       1.186924982725e+04 
       4.986705564307e-02       1.178999584446e+04 
       5.027100890973e-02       1.171008547617e+04 
       5.069085795060e-02       1.162885993108e+04 
       5.112810167079e-02       1.154688461523e+04 
       5.158444414344e-02       1.146352293041e+04 
       5.206183133451e-02       1.137883650314e+04 
       5.256249581769e-02       1.129266186443e+04 
       5.308901146215e-02       1.120461683809e+04 
       5.364436059291e-02       1.111481543906e+04 
       5.423201675509e-02       1.102271284518e+04 
       5.485604695854e-02       1.092802964239e+04 
       5.552123809793e-02       1.083046693272e+04 
       5.623325301396e-02       1.072940561424e+04 
       5.699882209022e-02       1.062429587096e+04 
       5.782597572877e-02       1.051432784172e+04 
       5.872432021605e-02       1.039869179250e+04 
       5.970535186659e-02       1.027603361246e+04 
       6.078278733210e-02       1.014464070193e+04 
       6.197285391602e-02       1.000257331074e+04 
       6.329442167047e-02       9.847137757422e+03 
       6.476875867930e-02       9.674861835001e+03 
       6.641855901619e-02       9.481514344989e+03 
       6.826579461548e-02       9.262169070041e+03 
       7.032806334432e-02       9.011486086143e+03 
       7.261374203428e-02       8.725666691559e+03 
       7.511749158628e-02       8.402530833180e+03 
       7.781871042584e-02       8.044828387058e+03 
       8.068477330211e-02       7.660373997386e+03 
       8.367798366692e-02       7.261281819738e+03 
       8.676272126168e-02       6.861818306966e+03 
       8.990983471932e-02       6.475975053850e+03 
       9.309778928524e-02       6.115470875685e+03 
       9.631175980455e-02       5.788325030891e+03 
       9.954200676961e-02       5.498637385960e+03 
       1.027823216668e-01       5.247050439029e+03 
       1.060288212453e-01       5.031420035371e+03 
       1.092791050340e-01       4.847323747845e+03 
       1.125316997741e-01       4.689174796125e+03 
       1.157857051540e-01       4.550772219382e+03 
       1.190405723570e-01       4.425922042247e+03 
       1.222959672682e-01       4.308979823443e+03 
       1.255516865778e-01       4.195218501201e+03 
       1.288076065494e-01       4.081177450568e+03 
       1.320636518142e-01       3.964770620660e+03 
       1.353197763936e-01       3.845258307291e+03 
       1.385759521683e-01       3.723126543711e+03 
       1.418321618749e-01       3.599834541564e+03 
       1.450883948541e-01       3.477269803289e+03 
       1.483446444689e-01       3.357584026882e+03 
       1.516009065359e-01       3.242736924830e+03 
       1.548571783732e-01       3.134437555937e+03 
       1.581134582212e-01       3.033728407904e+03 
       1.613697448899e-01       2.941173746070e+03 
       1.646260375445e-01       2.856773273116e+03 
       1.678823355737e-01       2.780064398771e+03 
       1.711386385101e-01       2.710248751118e+03 
       1.743949459801e-01       2.646285599082e+03 
       1.776512576737e-01       2.587019420468e+03 
       1.809075733253e-01       2.531357090832e+03 
       1.841638927014e-01       2.478231917991e+03 
       1.874202155931e-01       2.426926296816e+03 
       1.906765418108e-01       2.376643890730e+03 
       1.939328711805e-01       2.326916638952e+03 
       1.971892035421e-01       2.277522354158e+03 
       2.004455387466e-01       2.228462454253e+03 
       2.037018766555e-01       2.179933711190e+03 
       2.069582171396e-01       2.132185933735e+03 
       2.102145600778e-01       2.085565696686e+03 
       2.134709053568e-01       2.040370163231e+03 
       2.167272528701e-01       1.996867352380e+03 
       2.199836025177e-01       1.955217085622e+03 
       2.232399542053e-01       1.915515458730e+03 
       2.264963078445e-01       1.877764564595e+03 
       2.297526633515e-01       1.841906251954e+03 
       2.330090206476e-01       1.807822879744e+03 
       2.362653796583e-01       1.775369841115e+03 
       2.395217403131e-01       1.744368999347e+03 
       2.427781025454e-01       1.714633168550e+03 
       2.460344662922e-01       1.685987464602e+03 
       2.492908314938e-01       1.658261993130e+03 
       2.525471980935e-01       1.631337876118e+03 
       2.558035660376e-01       1.605102220207e+03 
       2.590599352750e-01       1.579490562670e+03 
       2.623163057574e-01       1.554467142085e+03 
       2.655726774386e-01       1.530014465185e+03 
       2.688290502748e-01       1.506137138239e+03 
       2.720854242243e-01       1.482847892811e+03 
       2.753417992474e-01       1.460166913496e+03 
       2.785981753062e-01       1.438103443155e+03 
       2.818545523646e-01       1.416686557759e+03 
       2.851109303881e-01       1.395906924189e+03 
       2.883673093440e-01       1.375772027263e+03 
       2.916236892006e-01       1.356264650403e+03 
       2.948800699282e-01       1.337365827487e+03 
       2.981364514979e-01       1.319037870926e+03 
       3.013928338823e-01       1.301269076326e+03 
       3.046492170552e-01       1.284004945111e+03 
       3.079056009914e-01       1.267225559975e+03 
       3.111619856669e-01       1.250897853584e+03 
       3.144183710584e-01       1.234989295752e+03 
       3.176747571440e-01       1.219489045547e+03 
       3.209311439024e-01       1.204362645191e+03 
       3.241875313131e-01       1.189601774165e+03 
       3.274439193567e-01       1.175188754598e+03 
       3.307003080143e-01       1.161116164857e+03 
       3.339566972679e-01       1.147371380802e+03 
       3.372130871002e-01       1.133950357755e+03 
       3.404694774945e-01       1.120843869804e+03 
       3.437258684347e-01       1.108046633450e+03 
       3.469822599053e-01       1.095551955606e+03 
       3.502386518916e-01       1.083350114895e+03 
       3.534950443792e-01       1.071437079390e+03 
       3.567514373542e-01       1.059801685923e+03 
       3.600078308035e-01       1.048430847153e+03 
       3.632642247142e-01       1.037328874409e+03 
       3.665206190740e-01       1.026474056564e+03 
       3.697770138709e-01       1.015861810035e+03 
       3.730334090935e-01       1.005485727886e+03 
       3.762898047306e-01       9.953348713329e+02 
       3.795462007715e-01       9.854015244863e+02 
       3.828025972060e-01       9.756801573728e+02 
       3.860589940239e-01       9.661634557177e+02 
       3.893153912156e-01       9.568418698984e+02 
       3.925717887718e-01       9.477146766201e+02 
       3.958281866835e-01       9.387699437101e+02 
       3.990845849418e-01       9.300133350485e+02 
       4.023409835385e-01       9.214284545222e+02 
       4.055973824652e-01       9.130153951709e+02 
       4.088537817140e-01       9.047689025306e+02 
       4.121101812774e-01       8.966857502881e+02 
       4.153665811478e-01       8.887584603675e+02 
       4.186229813181e-01       8.809872723141e+02 
       4.218793817813e-01       8.733605531922e+02 
       4.251357825307e-01       8.658826955955e+02 
       4.283921835596e-01       8.585469675638e+02 
       4.316485848618e-01       8.513462486317e+02 
       4.349049864311e-01       8.442803468844e+02 
       4.381613882615e-01       8.373431191822e+02 
       4.414177903472e-01       8.305324334850e+02 
       4.446741926825e-01       8.238456948873e+02 
       4.479305952621e-01       8.172766320163e+02 
       4.511869980806e-01       8.108286823647e+02 
       4.544434011329e-01       8.044902954813e+02 
       4.576998044139e-01       7.982645312617e+02 
       4.609562079187e-01       7.921456565593e+02 
       4.642126116428e-01       7.861301570035e+02 
       4.674690155813e-01       7.802188246202e+02 
       4.707254197300e-01       7.744095171961e+02 
       4.739818240844e-01       7.686934883212e+02 
       4.772382286404e-01       7.630768895910e+02 
       4.804946333937e-01       7.575484044041e+02 
       4.837510383405e-01       7.521122966365e+02 
       4.870074434767e-01       7.467635660377e+02 
       4.902638487987e-01       7.415037998786e+02 
       4.935202543027e-01       7.363245751232e+02 
       4.967766599852e-01       7.312277355883e+02 
       5.000330658426e-01       7.262126938204e+02 
       5.032894718716e-01       7.212735410549e+02 
       5.065458780688e-01       7.164131997990e+02 
       5.098022844309e-01       7.116255430262e+02 
       5.130586909549e-01       7.069119193033e+02 
       5.163150976377e-01       7.022688670608e+02 
       5.195715044763e-01       6.976957012587e+02 
       5.228279114677e-01       6.931895112994e+02 
       5.260843186091e-01       6.887497618031e+02 
       5.293407258977e-01       6.843761716565e+02 
       5.325971333308e-01       6.800650537818e+02 
       5.358535409058e-01       6.758162499714e+02 
       5.391099486202e-01       6.716284171960e+02 
       5.423663564713e-01       6.674989785660e+02 
       5.456227644567e-01       6.634284666219e+02 
       5.488791725740e-01       6.594138641324e+02 
       5.521355808210e-01       6.554551484962e+02 
       5.553919891952e-01       6.515489653324e+02 
       5.586483976945e-01       6.477001201583e+02 
       5.619048063167e-01       6.439000084991e+02 
       5.651612150596e-01       6.401532878737e+02 
       5.684176239212e-01       6.364531903606e+02 
       5.716740328995e-01       6.328044690994e+02 
       5.990060810813e-01       6.039680606125e+02 
       6.298516730217e-01       5.748177082933e+02 
       6.654465913689e-01       5.448923045265e+02 
       7.077921610807e-01       5.135151785670e+02 
       7.603710148002e-01       4.796311421797e+02 
       8.297814581343e-01       4.414915019696e+02 
       9.295985058175e-01       3.961497609984e+02 
       1.087508691526e+00       3.396131045437e+02 
       1.338742200190e+00       2.727947386796e+02 
       1.682633029034e+00       2.080884432380e+02 
       2.118257864736e+00       1.526205824175e+02 
       2.666728464651e+00       1.080210795816e+02 
       3.357212230406e+00       7.428882102174e+01 
       4.226479789644e+00       4.995355480219e+01 
       5.320822809617e+00       3.296879712178e+01 
       6.698519046681e+00       2.140230026019e+01 
       8.432935849254e+00       1.367465197927e+01 
       1.061643723666e+01       8.605774227354e+00 
       1.336530261994e+01       5.336813120347e+00 
       1.682591910457e+01       3.263163760451e+00 
       2.118257713753e+01       1.968403945274e+00 
