# Matter power spectrum P(k) at redshift z=0
# for k=1.05826e-05 to 21.1826 h/Mpc,
# number of wavenumbers equal to 561
#    1:k (h/Mpc)              2:P (Mpc/h)^3        
       1.058261180196e-05       4.656005095797e+01 
       2.363431463453e-05       1.011003155867e+02 
       3.673312263357e-05       1.547276660145e+02 
       4.991522204024e-05       2.080113792049e+02 
       6.321741330438e-05       2.612799004876e+02 
       7.667744794647e-05       3.147821337143e+02 
       9.033437646342e-05       3.687328770164e+02 
       1.042289120188e-04       4.233313076018e+02 
       1.184038146935e-04       4.787706549757e+02 
       1.329043011085e-04       5.352440016079e+02 
       1.477784842285e-04       5.929484818872e+02 
       1.630778480829e-04       6.520884011240e+02 
       1.788577619147e-04       7.128782261086e+02 
       1.951780378295e-04       7.755448819210e+02 
       2.121035352249e-04       8.403303728252e+02 
       2.297048140027e-04       9.074942118191e+02 
       2.480588365897e-04       9.773158439652e+02 
       2.672497158609e-04       1.050097133716e+03 
       2.873695018561e-04       1.126164836637e+03 
       3.085189943159e-04       1.205872908885e+03 
       3.308085600984e-04       1.289604911559e+03 
       3.543589240188e-04       1.377775919479e+03 
       3.793018881710e-04       1.470834046337e+03 
       4.057809181112e-04       1.569261474216e+03 
       4.339515145640e-04       1.673574050184e+03 
       4.639812673523e-04       1.784320088970e+03 
       4.960494659542e-04       1.902077092874e+03 
       5.303461218052e-04       2.027445940662e+03 
       5.670702464817e-04       2.161042997062e+03 
       6.064272344666e-04       2.303488042707e+03 
       6.486252280757e-04       2.455389664364e+03 
       6.938704040427e-04       2.617326000043e+03 
       7.423612220804e-04       2.789823220074e+03 
       7.942818143901e-04       2.973330761755e+03 
       8.497948593084e-04       3.168196027877e+03 
       9.090344459923e-04       3.374640021748e+03 
       9.720995622189e-04       3.592736195563e+03 
       1.039048882157e-03       3.822395318971e+03 
       1.109897463525e-03       4.063358189297e+03 
       1.184615777047e-03       4.315197400431e+03 
       1.263131212480e-03       4.577329836732e+03 
       1.345331891431e-03       4.849034918306e+03 
       1.431072337316e-03       5.129447916297e+03 
       1.520180366080e-03       5.417686719287e+03 
       1.612464497359e-03       5.712796584727e+03 
       1.707721239005e-03       6.013799396111e+03 
       1.805741735243e-03       6.319723365936e+03 
       1.906317445321e-03       6.629624496997e+03 
       2.009244694242e-03       6.942602803235e+03 
       2.114328081838e-03       7.257813788833e+03 
       2.221382838538e-03       7.574476494713e+03 
       2.330236275376e-03       7.891876424018e+03 
       2.440728499608e-03       8.209366918422e+03 
       2.552712565896e-03       8.526366480827e+03 
       2.666054216373e-03       8.842357499264e+03 
       2.780631338935e-03       9.156880900862e+03 
       2.896333247307e-03       9.469532192237e+03 
       3.013059862166e-03       9.779957122638e+03 
       3.130720851603e-03       1.008784592743e+04 
       3.249234771951e-03       1.039293010855e+04 
       3.368528236517e-03       1.069497690391e+04 
       3.488535129510e-03       1.099378674044e+04 
       3.609195874977e-03       1.128918801422e+04 
       3.730456765249e-03       1.158103471522e+04 
       3.852269349732e-03       1.186920375550e+04 
       3.974589882514e-03       1.215359370301e+04 
       4.097378825736e-03       1.243411804215e+04 
       4.220600404856e-03       1.271070802628e+04 
       4.344222211530e-03       1.298330749318e+04 
       4.468214849740e-03       1.325187338405e+04 
       4.592551620892e-03       1.351637127610e+04 
       4.717208243849e-03       1.377677912494e+04 
       4.842162606110e-03       1.403307692214e+04 
       4.967394542702e-03       1.428526012394e+04 
       5.092885639653e-03       1.453332973631e+04 
       5.218619059237e-03       1.477728170120e+04 
       5.344579384483e-03       1.501712515594e+04 
       5.470752480720e-03       1.525286672649e+04 
       5.597125372174e-03       1.548452893884e+04 
       5.723686131880e-03       1.571212855517e+04 
       5.850423783358e-03       1.593568288024e+04 
       5.977328212707e-03       1.615522429126e+04 
       6.104390089911e-03       1.637076872836e+04 
       6.231600798311e-03       1.658234935898e+04 
       6.358952371315e-03       1.678999761029e+04 
       6.486437435537e-03       1.699373510131e+04 
       6.614049159636e-03       1.719360591950e+04 
       6.741781208243e-03       1.738963556119e+04 
       6.869627700396e-03       1.758185843927e+04 
       6.997583172017e-03       1.777030886313e+04 
       7.125642541972e-03       1.795502970841e+04 
       7.253801081359e-03       1.813604769643e+04 
       7.382054385658e-03       1.831339932012e+04 
       7.510398349466e-03       1.848712572050e+04 
       7.638829143537e-03       1.865726083268e+04 
       7.767343193899e-03       1.882384661040e+04 
       7.895937162834e-03       1.898690900775e+04 
       8.024607931537e-03       1.914650097058e+04 
       8.153352584294e-03       1.930264789320e+04 
       8.282168394012e-03       1.945539047431e+04 
       8.411052809001e-03       1.960476422811e+04 
       8.540003440858e-03       1.975081501122e+04 
       8.669018053363e-03       1.989357383229e+04 
       8.798094552302e-03       2.003307539105e+04 
       8.927230976109e-03       2.016936059794e+04 
       9.056425487273e-03       2.030246032680e+04 
       9.185676364425e-03       2.043241705873e+04 
       9.314981995059e-03       2.055926414278e+04 
       9.444340868822e-03       2.068303137664e+04 
       9.573751571319e-03       2.080376186494e+04 
       9.703212778403e-03       2.092148771550e+04 
       9.832723250899e-03       2.103623762638e+04 
       9.962281829721e-03       2.114804913550e+04 
       1.009188743136e-02       2.125696170401e+04 
       1.022153904372e-02       2.136299871153e+04 
       1.035123572221e-02       2.146620514024e+04 
       1.048097658621e-02       2.156660497969e+04 
       1.061076081572e-02       2.166423300004e+04 
       1.074058764826e-02       2.175912316789e+04 
       1.087045637605e-02       2.185130422407e+04 
       1.100036634331e-02       2.194081511118e+04 
       1.113031694381e-02       2.202767799128e+04 
       1.126030761857e-02       2.211193047823e+04 
       1.139033785375e-02       2.219361081827e+04 
       1.152040717862e-02       2.227272910849e+04 
       1.165051516378e-02       2.234933134511e+04 
       1.178066141939e-02       2.242345204302e+04 
       1.191084559360e-02       2.249511076737e+04 
       1.204106737108e-02       2.256433876665e+04 
       1.217132647160e-02       2.263117533955e+04 
       1.230162264882e-02       2.269563148732e+04 
       1.243195568902e-02       2.275775574821e+04 
       1.256232541005e-02       2.281756935880e+04 
       1.269273166027e-02       2.287510886510e+04 
       1.282317431762e-02       2.293039381893e+04 
       1.295365328872e-02       2.298345891006e+04 
       1.308416850806e-02       2.303432398935e+04 
       1.321471993723e-02       2.308301282276e+04 
       1.334530756425e-02       2.312957467375e+04 
       1.347593140287e-02       2.317400592526e+04 
       1.360659149203e-02       2.321635278070e+04 
       1.373728789528e-02       2.325663082444e+04 
       1.386802070028e-02       2.329488605539e+04 
       1.399879001836e-02       2.333112464951e+04 
       1.412959598405e-02       2.336537566218e+04 
       1.426043875479e-02       2.339766380208e+04 
       1.439131851047e-02       2.342802214261e+04 
       1.452223545322e-02       2.345646357988e+04 
       1.465318980709e-02       2.348302803289e+04 
       1.478418181780e-02       2.350772508827e+04 
       1.491521175252e-02       2.353058443541e+04 
       1.504627989973e-02       2.355162925624e+04 
       1.517738656900e-02       2.357088735715e+04 
       1.530853209090e-02       2.358837051596e+04 
       1.543971681688e-02       2.360411075889e+04 
       1.557094111917e-02       2.361813001321e+04 
       1.570220539075e-02       2.363045678996e+04 
       1.583351004531e-02       2.364109968079e+04 
       1.596485551719e-02       2.365009120248e+04 
       1.609624226147e-02       2.365744935463e+04 
       1.622767075391e-02       2.366319475914e+04 
       1.635914149107e-02       2.366736135619e+04 
       1.649065499033e-02       2.366994481889e+04 
       1.662221178998e-02       2.367098847515e+04 
       1.675381244937e-02       2.367050028632e+04 
       1.688545754897e-02       2.366852614205e+04 
       1.701714769057e-02       2.366506280706e+04 
       1.714888349741e-02       2.366013263120e+04 
       1.728066561433e-02       2.365377255017e+04 
       1.741249470803e-02       2.364598275516e+04 
       1.754437146724e-02       2.363680049146e+04 
       1.767629660295e-02       2.362622106633e+04 
       1.780827084865e-02       2.361428951915e+04 
       1.794029496063e-02       2.360101929163e+04 
       1.807236971820e-02       2.358642191108e+04 
       1.820449592406e-02       2.357052873611e+04 
       1.833667440453e-02       2.355334717420e+04 
       1.846890600993e-02       2.353491254116e+04 
       1.860119161494e-02       2.351521177493e+04 
       1.873353211890e-02       2.349431088498e+04 
       1.886592844626e-02       2.347219785845e+04 
       1.899838154692e-02       2.344890303332e+04 
       1.913089239668e-02       2.342442836581e+04 
       1.926346199766e-02       2.339880819860e+04 
       1.939609137875e-02       2.337203415853e+04 
       1.952878159607e-02       2.334417562762e+04 
       1.966153373344e-02       2.331519918522e+04 
       1.979434890295e-02       2.328514870127e+04 
       1.992722824539e-02       2.325405780630e+04 
       2.006017293084e-02       2.322189752240e+04 
       2.019318415925e-02       2.318870837339e+04 
       2.032626316097e-02       2.315454975012e+04 
       2.045941119738e-02       2.311937090852e+04 
       2.059262956150e-02       2.308323477943e+04 
       2.072591957864e-02       2.304612512384e+04 
       2.085928260704e-02       2.300807420832e+04 
       2.099272003858e-02       2.296912425436e+04 
       2.112623329948e-02       2.292925625605e+04 
       2.125982385102e-02       2.288850169053e+04 
       2.139349319030e-02       2.284686383937e+04 
       2.152724285099e-02       2.280438519943e+04 
       2.166107440419e-02       2.276102054326e+04 
       2.179498945920e-02       2.271688652968e+04 
       2.192898966440e-02       2.267193799854e+04 
       2.206307670813e-02       2.262617106416e+04 
       2.219725231958e-02       2.257962810547e+04 
       2.233151826975e-02       2.253231386097e+04 
       2.246587637239e-02       2.248426426159e+04 
       2.260032848502e-02       2.243547552479e+04 
       2.273487650993e-02       2.238598998350e+04 
       2.286952239528e-02       2.233577952343e+04 
       2.300426813611e-02       2.228488299993e+04 
       2.313911577558e-02       2.223329833959e+04 
       2.327406740603e-02       2.218106033659e+04 
       2.340912517023e-02       2.212814095957e+04 
       2.354429126259e-02       2.207460790096e+04 
       2.367956793045e-02       2.202042251973e+04 
       2.381495747539e-02       2.196561061937e+04 
       2.395046225457e-02       2.191034367941e+04 
       2.408608468215e-02       2.185442400698e+04 
       2.422182723071e-02       2.179793955597e+04 
       2.435769243276e-02       2.174088185844e+04 
       2.449368288227e-02       2.168319101770e+04 
       2.462980123622e-02       2.162499147876e+04 
       2.476605021628e-02       2.156648969943e+04 
       2.490243261050e-02       2.150717118333e+04 
       2.503895127503e-02       2.144749024528e+04 
       2.517560913590e-02       2.138763787209e+04 
       2.531240919095e-02       2.132699766113e+04 
       2.544935451167e-02       2.126598252542e+04 
       2.558644824527e-02       2.120465910557e+04 
       2.572369361664e-02       2.114244742195e+04 
       2.586109393055e-02       2.108011046956e+04 
       2.599865257378e-02       2.101744817501e+04 
       2.613637301742e-02       2.095427177036e+04 
       2.627425881922e-02       2.089075199222e+04 
       2.641231362598e-02       2.082698432775e+04 
       2.655054117606e-02       2.076249081376e+04 
       2.668894530201e-02       2.069807665661e+04 
       2.682752993323e-02       2.063306517169e+04 
       2.696629909873e-02       2.056761785230e+04 
       2.710525693003e-02       2.050200436986e+04 
       2.724440766412e-02       2.043627778062e+04 
       2.738375564659e-02       2.037003182911e+04 
       2.752330533475e-02       2.030329580430e+04 
       2.766306130101e-02       2.023666204166e+04 
       2.780302823627e-02       2.016963462430e+04 
       2.794321095351e-02       2.010209414894e+04 
       2.808361439146e-02       2.003457061364e+04 
       2.822424361844e-02       1.996694240171e+04 
       2.836510383631e-02       1.989871433789e+04 
       2.850620038463e-02       1.983034410578e+04 
       2.864753874491e-02       1.976195776056e+04 
       2.878912454508e-02       1.969322810508e+04 
       2.893096356407e-02       1.962426466664e+04 
       2.907306173665e-02       1.955502793015e+04 
       2.921542515838e-02       1.948597692755e+04 
       2.935806009081e-02       1.941638747175e+04 
       2.950097296687e-02       1.934667111616e+04 
       2.964417039648e-02       1.927680482673e+04 
       2.978765917237e-02       1.920696820469e+04 
       2.993144627617e-02       1.913669703344e+04 
       3.007553888471e-02       1.906653594263e+04 
       3.021994437664e-02       1.899623438230e+04 
       3.036467033925e-02       1.892567407972e+04 
       3.050972457568e-02       1.885499126836e+04 
       3.065511511232e-02       1.878436031941e+04 
       3.080085020661e-02       1.871347932932e+04 
       3.094693835517e-02       1.864258472665e+04 
       3.109338830227e-02       1.857164616973e+04 
       3.124020904864e-02       1.850068672342e+04 
       3.138740986075e-02       1.842927799106e+04 
       3.153500028045e-02       1.835815199281e+04 
       3.168299013504e-02       1.828675889418e+04 
       3.183138954786e-02       1.821539566871e+04 
       3.198020894932e-02       1.814394382532e+04 
       3.212945908844e-02       1.807253145743e+04 
       3.227915104496e-02       1.800112797774e+04 
       3.242929624201e-02       1.792938214653e+04 
       3.257990645941e-02       1.785787557486e+04 
       3.273099384757e-02       1.778629143025e+04 
       3.288257094211e-02       1.771449621864e+04 
       3.303465067917e-02       1.764288665799e+04 
       3.318724641153e-02       1.757097519835e+04 
       3.334037192550e-02       1.749926926012e+04 
       3.349404145863e-02       1.742786327306e+04 
       3.364826971849e-02       1.735615198272e+04 
       3.380307190218e-02       1.728438606555e+04 
       3.395846371712e-02       1.721260115209e+04 
       3.411446140275e-02       1.714074848351e+04 
       3.427108175347e-02       1.706930242145e+04 
       3.442834214282e-02       1.699766193869e+04 
       3.458626054901e-02       1.692594093076e+04 
       3.474485558176e-02       1.685433184409e+04 
       3.490414651075e-02       1.678249556153e+04 
       3.506415329566e-02       1.671116190314e+04 
       3.522489661784e-02       1.663954586991e+04 
       3.538639791394e-02       1.656790091527e+04 
       3.554867941139e-02       1.649650098743e+04 
       3.571176416607e-02       1.642508926498e+04 
       3.587567610217e-02       1.635361605605e+04 
       3.604044005449e-02       1.628215107296e+04 
       3.620608181334e-02       1.621083292054e+04 
       3.637262817222e-02       1.613947162716e+04 
       3.654010697846e-02       1.606820143919e+04 
       3.670854718715e-02       1.599695713925e+04 
       3.687797891842e-02       1.592568733754e+04 
       3.704843351862e-02       1.585459352717e+04 
       3.721994362539e-02       1.578329854978e+04 
       3.739254323712e-02       1.571243900924e+04 
       3.756626778718e-02       1.564118422685e+04 
       3.774115422314e-02       1.557030899756e+04 
       3.791724109156e-02       1.549920405947e+04 
       3.809456862879e-02       1.542854643414e+04 
       3.827317885811e-02       1.535763346175e+04 
       3.845311569413e-02       1.528681676965e+04 
       3.863442505463e-02       1.521590618151e+04 
       3.881715498090e-02       1.514515063362e+04 
       3.900135576708e-02       1.507446286788e+04 
       3.918708009950e-02       1.500372008278e+04 
       3.937438320676e-02       1.493303595116e+04 
       3.956332302176e-02       1.486228146730e+04 
       3.975396035668e-02       1.479186826004e+04 
       3.994635909223e-02       1.472119019824e+04 
       4.014058638256e-02       1.465057412419e+04 
       4.033671287736e-02       1.458002706797e+04 
       4.053481296297e-02       1.450938756948e+04 
       4.073496502438e-02       1.443885828258e+04 
       4.093725173042e-02       1.436826677086e+04 
       4.114176034447e-02       1.429772895738e+04 
       4.134858306356e-02       1.422701953491e+04 
       4.155781738899e-02       1.415643493413e+04 
       4.176956653196e-02       1.408578932651e+04 
       4.198393985825e-02       1.401512832171e+04 
       4.220105337644e-02       1.394445310591e+04 
       4.242103027489e-02       1.387368607654e+04 
       4.264400151333e-02       1.380288077985e+04 
       4.287010647577e-02       1.373196604322e+04 
       4.309949369239e-02       1.366104379575e+04 
       4.333232163924e-02       1.359002079780e+04 
       4.356875962590e-02       1.351878000796e+04 
       4.380898878278e-02       1.344733022261e+04 
       4.405320316146e-02       1.337610052897e+04 
       4.430161096392e-02       1.330457669316e+04 
       4.455443591867e-02       1.323300106505e+04 
       4.481191882511e-02       1.316103709894e+04 
       4.507431929087e-02       1.308902353698e+04 
       4.534191769131e-02       1.301659196686e+04 
       4.561501738540e-02       1.294443644187e+04 
       4.589394722835e-02       1.287151656910e+04 
       4.617906442912e-02       1.279868589551e+04 
       4.647075780967e-02       1.272538410681e+04 
       4.676945153402e-02       1.265184685596e+04 
       4.707560938865e-02       1.257770777606e+04 
       4.738973971239e-02       1.250352087575e+04 
       4.771240109399e-02       1.242892847142e+04 
       4.804420898123e-02       1.235375116848e+04 
       4.838584337619e-02       1.227807913418e+04 
       4.873805783065e-02       1.220175315548e+04 
       4.910169000422e-02       1.212496699719e+04 
       4.947767410912e-02       1.204750661183e+04 
       4.986705564307e-02       1.196925940366e+04 
       5.027100890973e-02       1.189047222152e+04 
       5.069085795060e-02       1.181046332337e+04 
       5.112810167079e-02       1.172984937657e+04 
       5.158444414344e-02       1.164799579441e+04 
       5.206183133451e-02       1.156499883204e+04 
       5.256249581769e-02       1.148070747180e+04 
       5.308901146215e-02       1.139475356504e+04 
       5.364436059291e-02       1.130732896391e+04 
       5.423201675509e-02       1.121789103328e+04 
       5.485604695854e-02       1.112620497402e+04 
       5.552123809793e-02       1.103203964686e+04 
       5.623325301396e-02       1.093481436839e+04 
       5.699882209022e-02       1.083404741693e+04 
       5.782597572877e-02       1.072899068430e+04 
       5.872432021605e-02       1.061892888640e+04 
       5.970535186659e-02       1.050254999201e+04 
       6.078278733210e-02       1.037815789673e+04 
       6.197285391602e-02       1.024383017240e+04 
       6.329442167047e-02       1.009676317508e+04 
       6.476875867930e-02       9.933191857954e+03 
       6.641855901619e-02       9.748314133555e+03 
       6.826579461548e-02       9.536185455488e+03 
       7.032806334432e-02       9.289799987609e+03 
       7.261374203428e-02       9.003236596225e+03 
       7.511749158628e-02       8.671507723152e+03 
       7.781871042584e-02       8.294906273446e+03 
       8.068477330211e-02       7.879782668426e+03 
       8.367798366692e-02       7.438475771670e+03 
       8.676272126168e-02       6.987378330534e+03 
       8.990983471932e-02       6.544200168060e+03 
       9.309778928524e-02       6.125290953894e+03 
       9.631175980455e-02       5.743291924561e+03 
       9.954200676961e-02       5.406265249622e+03 
       1.027823216668e-01       5.117784630046e+03 
       1.060288212453e-01       4.877395997482e+03 
       1.092791050340e-01       4.680896387928e+03 
       1.125316997741e-01       4.521718812136e+03 
       1.157857051540e-01       4.391563253446e+03 
       1.190405723570e-01       4.281266690748e+03 
       1.222959672682e-01       4.181687484887e+03 
       1.255516865778e-01       4.084421991021e+03 
       1.288076065494e-01       3.982618426806e+03 
       1.320636518142e-01       3.871449687620e+03 
       1.353197763936e-01       3.748379330433e+03 
       1.385759521683e-01       3.613264613952e+03 
       1.418321618749e-01       3.468175275784e+03 
       1.450883948541e-01       3.316493979284e+03 
       1.483446444689e-01       3.162689391519e+03 
       1.516009065359e-01       3.011379936166e+03 
       1.548571783732e-01       2.867179289948e+03 
       1.581134582212e-01       2.733575917745e+03 
       1.613697448899e-01       2.613217910994e+03 
       1.646260375445e-01       2.507526981010e+03 
       1.678823355737e-01       2.416728537476e+03 
       1.711386385101e-01       2.340051217607e+03 
       1.743949459801e-01       2.275764690326e+03 
       1.776512576737e-01       2.221504163025e+03 
       1.809075733253e-01       2.174637657345e+03 
       1.841638927014e-01       2.132286016175e+03 
       1.874202155931e-01       2.092242251665e+03 
       1.906765418108e-01       2.051713673500e+03 
       1.939328711805e-01       2.008706396176e+03 
       1.971892035421e-01       1.961964952754e+03 
       2.004455387466e-01       1.910998422588e+03 
       2.037018766555e-01       1.856154112620e+03 
       2.069582171396e-01       1.798208031434e+03 
       2.102145600778e-01       1.738479373599e+03 
       2.134709053568e-01       1.678431856849e+03 
       2.167272528701e-01       1.619579994378e+03 
       2.199836025177e-01       1.563178083992e+03 
       2.232399542053e-01       1.510318613734e+03 
       2.264963078445e-01       1.461718265625e+03 
       2.297526633515e-01       1.417789983275e+03 
       2.330090206476e-01       1.378622237279e+03 
       2.362653796583e-01       1.344034637245e+03 
       2.395217403131e-01       1.313546144303e+03 
       2.427781025454e-01       1.286450930501e+03 
       2.460344662922e-01       1.261904711849e+03 
       2.492908314938e-01       1.239004818098e+03 
       2.525471980935e-01       1.216925237067e+03 
       2.558035660376e-01       1.194884935063e+03 
       2.590599352750e-01       1.172307310217e+03 
       2.623163057574e-01       1.148835847228e+03 
       2.655726774386e-01       1.124282243987e+03 
       2.688290502748e-01       1.098679077418e+03 
       2.720854242243e-01       1.072217104202e+03 
       2.753417992474e-01       1.045208836491e+03 
       2.785981753062e-01       1.018063123752e+03 
       2.818545523646e-01       9.912640704698e+02 
       2.851109303881e-01       9.652438143017e+02 
       2.883673093440e-01       9.404052676688e+02 
       2.916236892006e-01       9.170442376460e+02 
       2.948800699282e-01       8.953286118001e+02 
       2.981364514979e-01       8.752921125030e+02 
       3.013928338823e-01       8.568957285781e+02 
       3.046492170552e-01       8.399597771426e+02 
       3.079056009914e-01       8.242721769408e+02 
       3.111619856669e-01       8.095780995324e+02 
       3.144183710584e-01       7.956094102370e+02 
       3.176747571440e-01       7.821113213159e+02 
       3.209311439024e-01       7.688252015902e+02 
       3.241875313131e-01       7.555651321630e+02 
       3.274439193567e-01       7.421757644801e+02 
       3.307003080143e-01       7.285786203283e+02 
       3.339566972679e-01       7.147584594425e+02 
       3.372130871002e-01       7.007695883798e+02 
       3.404694774945e-01       6.867042921825e+02 
       3.437258684347e-01       6.726877932536e+02 
       3.469822599053e-01       6.588541292503e+02 
       3.502386518916e-01       6.453236727438e+02 
       3.534950443792e-01       6.322114805597e+02 
       3.567514373542e-01       6.196057331978e+02 
       3.600078308035e-01       6.075651627644e+02 
       3.632642247142e-01       5.961406182727e+02 
       3.665206190740e-01       5.853253042588e+02 
       3.697770138709e-01       5.750930623059e+02 
       3.730334090935e-01       5.653842706653e+02 
       3.762898047306e-01       5.561141426388e+02 
       3.795462007715e-01       5.471858424808e+02 
       3.828025972060e-01       5.385119759322e+02 
       3.860589940239e-01       5.300148077173e+02 
       3.893153912156e-01       5.216285121576e+02 
       3.925717887718e-01       5.133150239552e+02 
       3.958281866835e-01       5.050416890274e+02 
       3.990845849418e-01       4.968031400026e+02 
       4.023409835385e-01       4.885864573784e+02 
       4.055973824652e-01       4.804167974530e+02 
       4.088537817140e-01       4.723184268436e+02 
       4.121101812774e-01       4.643215297541e+02 
       4.153665811478e-01       4.564678358895e+02 
       4.186229813181e-01       4.488021397939e+02 
       4.218793817813e-01       4.413386723771e+02 
       4.251357825307e-01       4.341019017088e+02 
       4.283921835596e-01       4.271013561115e+02 
       4.316485848618e-01       4.203342656008e+02 
       4.349049864311e-01       4.137972176681e+02 
       4.381613882615e-01       4.074776813692e+02 
       4.414177903472e-01       4.013636325592e+02 
       4.446741926825e-01       3.954350255469e+02 
       4.479305952621e-01       3.896665039881e+02 
       4.511869980806e-01       3.840405542152e+02 
       4.544434011329e-01       3.785252582782e+02 
       4.576998044139e-01       3.731031892955e+02 
       4.609562079187e-01       3.677539103097e+02 
       4.642126116428e-01       3.624644875938e+02 
       4.674690155813e-01       3.572343903853e+02 
       4.707254197300e-01       3.520657402393e+02 
       4.739818240844e-01       3.469559050896e+02 
       4.772382286404e-01       3.419175166553e+02 
       4.804946333937e-01       3.369496797788e+02 
       4.837510383405e-01       3.320675043139e+02 
       4.870074434767e-01       3.272765841339e+02 
       4.902638487987e-01       3.225882203274e+02 
       4.935202543027e-01       3.180062946551e+02 
       4.967766599852e-01       3.135440389655e+02 
       5.000330658426e-01       3.092032919968e+02 
       5.032894718716e-01       3.049756319116e+02 
       5.065458780688e-01       3.008581721312e+02 
       5.098022844309e-01       2.968378889823e+02 
       5.130586909549e-01       2.929084367378e+02 
       5.163150976377e-01       2.890588005028e+02 
       5.195715044763e-01       2.852821906907e+02 
       5.228279114677e-01       2.815714606793e+02 
       5.260843186091e-01       2.779216560861e+02 
       5.293407258977e-01       2.743274356629e+02 
       5.325971333308e-01       2.707814011409e+02 
       5.358535409058e-01       2.672820554506e+02 
       5.391099486202e-01       2.638281687591e+02 
       5.423663564713e-01       2.604220321104e+02 
       5.456227644567e-01       2.570700438312e+02 
       5.488791725740e-01       2.537741111839e+02 
       5.521355808210e-01       2.505379349336e+02 
       5.553919891952e-01       2.473605496000e+02 
       5.586483976945e-01       2.442464033170e+02 
       5.619048063167e-01       2.411877998652e+02 
       5.651612150596e-01       2.381901192554e+02 
       5.684176239212e-01       2.352483198046e+02 
       5.716740328995e-01       2.323667631129e+02 
       5.990060810813e-01       2.101325735632e+02 
       6.298516730217e-01       1.883100544952e+02 
       6.654465913689e-01       1.669554505331e+02 
       7.077921610807e-01       1.456776800469e+02 
       7.603710148002e-01       1.242172414324e+02 
       8.297814581343e-01       1.021013424830e+02 
       9.295985058175e-01       7.890839217807e+01 
       1.087508691526e+00       5.501763466716e+01 
       1.338742200190e+00       3.385248582197e+01 
       1.682633029034e+00       1.965455814924e+01 
       2.118257864736e+00       1.126531805766e+01 
       2.666728464651e+00       6.403617514879e+00 
       3.357212230406e+00       3.613024379505e+00 
       4.226479789644e+00       2.024783388874e+00 
       5.320822809617e+00       1.127724278440e+00 
       6.698519046681e+00       6.245717232579e-01 
       8.432935849254e+00       3.441256725167e-01 
       1.061643723666e+01       1.887080848579e-01 
       1.336530261994e+01       1.030272630928e-01 
       1.682591910457e+01       5.601945187275e-02 
       2.118257713753e+01       3.034337784796e-02 
