# Matter power spectrum P(k) at redshift z=0
# for k=1.05826e-05 to 21.1826 h/Mpc,
# number of wavenumbers equal to 561
#    1:k (h/Mpc)              2:P (Mpc/h)^3        
       1.058261180196e-05       4.656005095999e+01 
       2.363431463453e-05       1.011003156114e+02 
       3.673312263357e-05       1.547276661114e+02 
       4.991522204024e-05       2.080113794532e+02 
       6.321741330438e-05       2.612799009975e+02 
       7.667744794647e-05       3.147821346282e+02 
       9.033437646342e-05       3.687328785104e+02 
       1.042289120188e-04       4.233313098887e+02 
       1.184038146935e-04       4.787706583077e+02 
       1.329043011085e-04       5.352440062801e+02 
       1.477784842285e-04       5.929484882429e+02 
       1.630778480829e-04       6.520884095591e+02 
       1.788577619147e-04       7.128782370785e+02 
       1.951780378295e-04       7.755448959467e+02 
       2.121035352249e-04       8.403303905015e+02 
       2.297048140027e-04       9.074942338224e+02 
       2.480588365897e-04       9.773158710621e+02 
       2.672497158609e-04       1.050097166772e+03 
       2.873695018561e-04       1.126164876624e+03 
       3.085189943159e-04       1.205872956885e+03 
       3.308085600984e-04       1.289604968768e+03 
       3.543589240188e-04       1.377775987202e+03 
       3.793018881710e-04       1.470834125970e+03 
       4.057809181112e-04       1.569261567217e+03 
       4.339515145640e-04       1.673574158011e+03 
       4.639812673523e-04       1.784320212989e+03 
       4.960494659542e-04       1.902077234207e+03 
       5.303461218052e-04       2.027446099958e+03 
       5.670702464817e-04       2.161043174154e+03 
       6.064272344666e-04       2.303488236117e+03 
       6.486252280757e-04       2.455389870594e+03 
       6.938704040427e-04       2.617326212587e+03 
       7.423612220804e-04       2.789823428052e+03 
       7.942818143901e-04       2.973330948090e+03 
       8.497948593084e-04       3.168196166876e+03 
       9.090344459923e-04       3.374640075995e+03 
       9.720995622189e-04       3.592736111995e+03 
       1.039048882157e-03       3.822395024058e+03 
       1.109897463525e-03       4.063357583248e+03 
       1.184615777047e-03       4.315196350418e+03 
       1.263131212480e-03       4.577328169156e+03 
       1.345331891431e-03       4.849032410177e+03 
       1.431072337316e-03       5.129444285940e+03 
       1.520180366080e-03       5.417681616240e+03 
       1.612464497359e-03       5.712789579354e+03 
       1.707721239005e-03       6.013789968939e+03 
       1.805741735243e-03       6.319710896891e+03 
       1.906317445321e-03       6.629608254713e+03 
       2.009244694242e-03       6.942581934549e+03 
       2.114328081838e-03       7.257787308594e+03 
       2.221382838538e-03       7.574443275956e+03 
       2.330236275376e-03       7.891835188579e+03 
       2.440728499608e-03       8.209316228031e+03 
       2.552712565896e-03       8.526304728704e+03 
       2.666054216373e-03       8.842282902214e+03 
       2.780631338935e-03       9.156791491897e+03 
       2.896333247307e-03       9.469425813711e+03 
       3.013059862166e-03       9.779831419868e+03 
       3.130720851603e-03       1.008769834284e+04 
       3.249234771951e-03       1.039275787625e+04 
       3.368528236517e-03       1.069477704480e+04 
       3.488535129510e-03       1.099355605767e+04 
       3.609195874977e-03       1.128892308918e+04 
       3.730456765249e-03       1.158073190392e+04 
       3.852269349732e-03       1.186885918528e+04 
       3.974589882514e-03       1.215320326960e+04 
       4.097378825736e-03       1.243367740734e+04 
       4.220600404856e-03       1.271021261561e+04 
       4.344222211530e-03       1.298275249422e+04 
       4.468214849740e-03       1.325125374482e+04 
       4.592551620892e-03       1.351568170406e+04 
       4.717208243849e-03       1.377601408587e+04 
       4.842162606110e-03       1.403223064005e+04 
       4.967394542702e-03       1.428432658010e+04 
       5.092885639653e-03       1.453230266916e+04 
       5.218619059237e-03       1.477615460764e+04 
       5.344579384483e-03       1.501589129103e+04 
       5.470752480720e-03       1.525151910499e+04 
       5.597125372174e-03       1.548306033467e+04 
       5.723686131880e-03       1.571053150365e+04 
       5.850423783358e-03       1.593394967990e+04 
       5.977328212707e-03       1.615334700354e+04 
       6.104390089911e-03       1.636873918230e+04 
       6.231600798311e-03       1.658015915080e+04 
       6.358952371315e-03       1.678763810599e+04 
       6.486437435537e-03       1.699119744125e+04 
       6.614049159636e-03       1.719088101672e+04 
       6.741781208243e-03       1.738671410804e+04 
       6.869627700396e-03       1.757873090868e+04 
       6.997583172017e-03       1.776696551178e+04 
       7.125642541972e-03       1.795146057775e+04 
       7.253801081359e-03       1.813224262031e+04 
       7.382054385658e-03       1.830934792587e+04 
       7.510398349466e-03       1.848281743115e+04 
       7.638829143537e-03       1.865268487279e+04 
       7.767343193899e-03       1.881899200726e+04 
       7.895937162834e-03       1.898176460094e+04 
       8.024607931537e-03       1.914105540630e+04 
       8.153352584294e-03       1.929688963841e+04 
       8.282168394012e-03       1.944930781534e+04 
       8.411052809001e-03       1.959834527692e+04 
       8.540003440858e-03       1.974404770515e+04 
       8.669018053363e-03       1.988644594489e+04 
       8.798094552302e-03       2.002557453518e+04 
       8.927230976109e-03       2.016147422722e+04 
       9.056425487273e-03       2.029417574536e+04 
       9.185676364425e-03       2.042372141969e+04 
       9.314981995059e-03       2.055014445786e+04 
       9.444340868822e-03       2.067347452327e+04 
       9.573751571319e-03       2.079375458319e+04 
       9.703212778403e-03       2.091101661944e+04 
       9.832723250899e-03       2.102528921165e+04 
       9.962281829721e-03       2.113660977857e+04 
       1.009188743136e-02       2.124501766538e+04 
       1.022153904372e-02       2.135053615260e+04 
       1.035123572221e-02       2.145321011227e+04 
       1.048097658621e-02       2.155306344494e+04 
       1.061076081572e-02       2.165013082871e+04 
       1.074058764826e-02       2.174444614376e+04 
       1.087045637605e-02       2.183603805429e+04 
       1.100036634331e-02       2.192494542219e+04 
       1.113031694381e-02       2.201119034960e+04 
       1.126030761857e-02       2.209481038119e+04 
       1.139033785375e-02       2.217584369775e+04 
       1.152040717862e-02       2.225430036565e+04 
       1.165051516378e-02       2.233022631829e+04 
       1.178066141939e-02       2.240365602404e+04 
       1.191084559360e-02       2.247460902394e+04 
       1.204106737108e-02       2.254311653469e+04 
       1.217132647160e-02       2.260921781798e+04 
       1.230162264882e-02       2.267292387868e+04 
       1.243195568902e-02       2.273428321609e+04 
       1.256232541005e-02       2.279331706775e+04 
       1.269273166027e-02       2.285006196502e+04 
       1.282317431762e-02       2.290453747381e+04 
       1.295365328872e-02       2.295677828154e+04 
       1.308416850806e-02       2.300680426367e+04 
       1.321471993723e-02       2.305463921085e+04 
       1.334530756425e-02       2.310033237486e+04 
       1.347593140287e-02       2.314388021739e+04 
       1.360659149203e-02       2.318532894435e+04 
       1.373728789528e-02       2.322469419871e+04 
       1.386802070028e-02       2.326202198917e+04 
       1.399879001836e-02       2.329731857580e+04 
       1.412959598405e-02       2.333061306633e+04 
       1.426043875479e-02       2.336193023357e+04 
       1.439131851047e-02       2.339130318204e+04 
       1.452223545322e-02       2.341874494254e+04 
       1.465318980709e-02       2.344429549024e+04 
       1.478418181780e-02       2.346796427619e+04 
       1.491521175252e-02       2.348978156012e+04 
       1.504627989973e-02       2.350977087447e+04 
       1.517738656900e-02       2.352795691168e+04 
       1.530853209090e-02       2.354435662493e+04 
       1.543971681688e-02       2.355900893847e+04 
       1.557094111917e-02       2.357189747297e+04 
       1.570220539075e-02       2.358308460280e+04 
       1.583351004531e-02       2.359273411514e+04 
       1.596485551719e-02       2.360075635907e+04 
       1.609624226147e-02       2.360696916059e+04 
       1.622767075391e-02       2.361150624657e+04 
       1.635914149107e-02       2.361448488127e+04 
       1.649065499033e-02       2.361586669024e+04 
       1.662221178998e-02       2.361568761855e+04 
       1.675381244937e-02       2.361396445828e+04 
       1.688545754897e-02       2.361074233454e+04 
       1.701714769057e-02       2.360601656299e+04 
       1.714888349741e-02       2.359981010144e+04 
       1.728066561433e-02       2.359216014506e+04 
       1.741249470803e-02       2.358306689232e+04 
       1.754437146724e-02       2.357256766258e+04 
       1.767629660295e-02       2.356065803520e+04 
       1.780827084865e-02       2.354738299473e+04 
       1.794029496063e-02       2.353275606351e+04 
       1.807236971820e-02       2.351678897172e+04 
       1.820449592406e-02       2.349951318982e+04 
       1.833667440453e-02       2.348093628891e+04 
       1.846890600993e-02       2.346109366387e+04 
       1.860119161494e-02       2.343997255368e+04 
       1.873353211890e-02       2.341763890876e+04 
       1.886592844626e-02       2.339408097049e+04 
       1.899838154692e-02       2.336932923998e+04 
       1.913089239668e-02       2.334338599721e+04 
       1.926346199766e-02       2.331628568754e+04 
       1.939609137875e-02       2.328802021744e+04 
       1.952878159607e-02       2.325865895791e+04 
       1.966153373344e-02       2.322816897942e+04 
       1.979434890295e-02       2.319659421368e+04 
       1.992722824539e-02       2.316396838259e+04 
       2.006017293084e-02       2.313026295441e+04 
       2.019318415925e-02       2.309551857461e+04 
       2.032626316097e-02       2.305979469770e+04 
       2.045941119738e-02       2.302304124683e+04 
       2.059262956150e-02       2.298532121108e+04 
       2.072591957864e-02       2.294661882780e+04 
       2.085928260704e-02       2.290696648431e+04 
       2.099272003858e-02       2.286640641841e+04 
       2.112623329948e-02       2.282492012023e+04 
       2.125982385102e-02       2.278253936424e+04 
       2.139349319030e-02       2.273926789713e+04 
       2.152724285099e-02       2.269514843736e+04 
       2.166107440419e-02       2.265013643363e+04 
       2.179498945920e-02       2.260434805026e+04 
       2.192898966440e-02       2.255773875005e+04 
       2.206307670813e-02       2.251030530544e+04 
       2.219725231958e-02       2.246209043272e+04 
       2.233151826975e-02       2.241309918523e+04 
       2.246587637239e-02       2.236336752527e+04 
       2.260032848502e-02       2.231289215666e+04 
       2.273487650993e-02       2.226171567787e+04 
       2.286952239528e-02       2.220981071354e+04 
       2.300426813611e-02       2.215721633362e+04 
       2.313911577558e-02       2.210393099200e+04 
       2.327406740603e-02       2.204998978710e+04 
       2.340912517023e-02       2.199536545970e+04 
       2.354429126259e-02       2.194012559885e+04 
       2.367956793045e-02       2.188423223726e+04 
       2.381495747539e-02       2.182771133207e+04 
       2.395046225457e-02       2.177073327489e+04 
       2.408608468215e-02       2.171310254650e+04 
       2.422182723071e-02       2.165490756780e+04 
       2.435769243276e-02       2.159614115736e+04 
       2.449368288227e-02       2.153674427002e+04 
       2.462980123622e-02       2.147684003066e+04 
       2.476605021628e-02       2.141663286485e+04 
       2.490243261050e-02       2.135561302351e+04 
       2.503895127503e-02       2.129423085405e+04 
       2.517560913590e-02       2.123267648468e+04 
       2.531240919095e-02       2.117034074064e+04 
       2.544935451167e-02       2.110763383975e+04 
       2.558644824527e-02       2.104462277567e+04 
       2.572369361664e-02       2.098073424142e+04 
       2.586109393055e-02       2.091672326977e+04 
       2.599865257378e-02       2.085239094138e+04 
       2.613637301742e-02       2.078755027369e+04 
       2.627425881922e-02       2.072237118618e+04 
       2.641231362598e-02       2.065694918580e+04 
       2.655054117606e-02       2.059081277960e+04 
       2.668894530201e-02       2.052475968928e+04 
       2.682752993323e-02       2.045812139516e+04 
       2.696629909873e-02       2.039105654908e+04 
       2.710525693003e-02       2.032383042162e+04 
       2.724440766412e-02       2.025649573039e+04 
       2.738375564659e-02       2.018865301001e+04 
       2.752330533475e-02       2.012033312454e+04 
       2.766306130101e-02       2.005212166053e+04 
       2.780302823627e-02       1.998352856601e+04 
       2.794321095351e-02       1.991443616848e+04 
       2.808361439146e-02       1.984536864958e+04 
       2.822424361844e-02       1.977620670578e+04 
       2.836510383631e-02       1.970646183570e+04 
       2.850620038463e-02       1.963658546038e+04 
       2.864753874491e-02       1.956670160865e+04 
       2.878912454508e-02       1.949648794711e+04 
       2.893096356407e-02       1.942605345621e+04 
       2.907306173665e-02       1.935536005287e+04 
       2.921542515838e-02       1.928486113378e+04 
       2.935806009081e-02       1.921384346491e+04 
       2.950097296687e-02       1.914271323256e+04 
       2.964417039648e-02       1.907144743407e+04 
       2.978765917237e-02       1.900022267061e+04 
       2.993144627617e-02       1.892858196067e+04 
       3.007553888471e-02       1.885706286962e+04 
       3.021994437664e-02       1.878541957988e+04 
       3.036467033925e-02       1.871353578504e+04 
       3.050972457568e-02       1.864154517544e+04 
       3.065511511232e-02       1.856961901395e+04 
       3.080085020661e-02       1.849746082973e+04 
       3.094693835517e-02       1.842530428908e+04 
       3.109338830227e-02       1.835312034902e+04 
       3.124020904864e-02       1.828093181103e+04 
       3.138740986075e-02       1.820831747720e+04 
       3.153500028045e-02       1.813599699826e+04 
       3.168299013504e-02       1.806342991048e+04 
       3.183138954786e-02       1.799090812635e+04 
       3.198020894932e-02       1.791831548914e+04 
       3.212945908844e-02       1.784577860628e+04 
       3.227915104496e-02       1.777326823563e+04 
       3.242929624201e-02       1.770044033708e+04 
       3.257990645941e-02       1.762786652004e+04 
       3.273099384757e-02       1.755523634182e+04 
       3.288257094211e-02       1.748241838954e+04 
       3.303465067917e-02       1.740979994934e+04 
       3.318724641153e-02       1.733690099186e+04 
       3.334037192550e-02       1.726421978446e+04 
       3.349404145863e-02       1.719185209619e+04 
       3.364826971849e-02       1.711920793852e+04 
       3.380307190218e-02       1.704653288571e+04 
       3.395846371712e-02       1.697385854333e+04 
       3.411446140275e-02       1.690113403318e+04 
       3.427108175347e-02       1.682882415618e+04 
       3.442834214282e-02       1.675634365287e+04 
       3.458626054901e-02       1.668380711134e+04 
       3.474485558176e-02       1.661140281956e+04 
       3.490414651075e-02       1.653879693256e+04 
       3.506415329566e-02       1.646670117154e+04 
       3.522489661784e-02       1.639434772221e+04 
       3.538639791394e-02       1.632198543685e+04 
       3.554867941139e-02       1.624988289535e+04 
       3.571176416607e-02       1.617778957896e+04 
       3.587567610217e-02       1.610565723317e+04 
       3.604044005449e-02       1.603355418004e+04 
       3.620608181334e-02       1.596161568117e+04 
       3.637262817222e-02       1.588965617501e+04 
       3.654010697846e-02       1.581780644860e+04 
       3.670854718715e-02       1.574600206765e+04 
       3.687797891842e-02       1.567419190664e+04 
       3.704843351862e-02       1.560257174284e+04 
       3.721994362539e-02       1.553077563879e+04 
       3.739254323712e-02       1.545942625957e+04 
       3.756626778718e-02       1.538771591653e+04 
       3.774115422314e-02       1.531639639450e+04 
       3.791724109156e-02       1.524487052256e+04 
       3.809456862879e-02       1.517379456289e+04 
       3.827317885811e-02       1.510248705204e+04 
       3.845311569413e-02       1.503129342249e+04 
       3.863442505463e-02       1.496003086335e+04 
       3.881715498090e-02       1.488894032548e+04 
       3.900135576708e-02       1.481793540948e+04 
       3.918708009950e-02       1.474689533699e+04 
       3.937438320676e-02       1.467592907141e+04 
       3.956332302176e-02       1.460490998517e+04 
       3.975396035668e-02       1.453423732178e+04 
       3.994635909223e-02       1.446332434861e+04 
       4.014058638256e-02       1.439248944060e+04 
       4.033671287736e-02       1.432173856374e+04 
       4.053481296297e-02       1.425091300119e+04 
       4.073496502438e-02       1.418020717117e+04 
       4.093725173042e-02       1.410945446140e+04 
       4.114176034447e-02       1.403876838541e+04 
       4.134858306356e-02       1.396793121158e+04 
       4.155781738899e-02       1.389722725151e+04 
       4.176956653196e-02       1.382647382259e+04 
       4.198393985825e-02       1.375571381304e+04 
       4.220105337644e-02       1.368494909000e+04 
       4.242103027489e-02       1.361410518730e+04 
       4.264400151333e-02       1.354323175180e+04 
       4.287010647577e-02       1.347225689820e+04 
       4.309949369239e-02       1.340127729955e+04 
       4.333232163924e-02       1.333020464334e+04 
       4.356875962590e-02       1.325892765885e+04 
       4.380898878278e-02       1.318745069717e+04 
       4.405320316146e-02       1.311617918294e+04 
       4.430161096392e-02       1.304461433437e+04 
       4.455443591867e-02       1.297299374736e+04 
       4.481191882511e-02       1.290099758459e+04 
       4.507431929087e-02       1.282894510310e+04 
       4.534191769131e-02       1.275647215748e+04 
       4.561501738540e-02       1.268424009503e+04 
       4.589394722835e-02       1.261125050280e+04 
       4.617906442912e-02       1.253832197348e+04 
       4.647075780967e-02       1.246491604148e+04 
       4.676945153402e-02       1.239125390724e+04 
       4.707560938865e-02       1.231697069342e+04 
       4.738973971239e-02       1.224258381131e+04 
       4.771240109399e-02       1.216775259045e+04 
       4.804420898123e-02       1.209230783246e+04 
       4.838584337619e-02       1.201632571427e+04 
       4.873805783065e-02       1.193964126207e+04 
       4.910169000422e-02       1.186242793785e+04 
       4.947767410912e-02       1.178446782705e+04 
       4.986705564307e-02       1.170563518240e+04 
       5.027100890973e-02       1.162615181190e+04 
       5.069085795060e-02       1.154536226968e+04 
       5.112810167079e-02       1.146382997463e+04 
       5.158444414344e-02       1.138092141903e+04 
       5.206183133451e-02       1.129669861247e+04 
       5.256249581769e-02       1.121099925014e+04 
       5.308901146215e-02       1.112344345614e+04 
       5.364436059291e-02       1.103414535003e+04 
       5.423201675509e-02       1.094256322360e+04 
       5.485604695854e-02       1.084841970348e+04 
       5.552123809793e-02       1.075141901545e+04 
       5.623325301396e-02       1.065094680297e+04 
       5.699882209022e-02       1.054645802796e+04 
       5.782597572877e-02       1.043714918691e+04 
       5.872432021605e-02       1.032221716983e+04 
       5.970535186659e-02       1.020031826770e+04 
       6.078278733210e-02       1.006975418320e+04 
       6.197285391602e-02       9.928602326382e+03 
       6.329442167047e-02       9.774189929372e+03 
       6.476875867930e-02       9.603072820564e+03 
       6.641855901619e-02       9.411055694495e+03 
       6.826579461548e-02       9.193250329594e+03 
       7.032806334432e-02       8.944358860619e+03 
       7.261374203428e-02       8.660613118416e+03 
       7.511749158628e-02       8.339845538064e+03 
       7.781871042584e-02       7.984781061158e+03 
       8.068477330211e-02       7.603171310945e+03 
       8.367798366692e-02       7.207034051445e+03 
       8.676272126168e-02       6.810526602887e+03 
       8.990983471932e-02       6.427537735528e+03 
       9.309778928524e-02       6.069704578342e+03 
       9.631175980455e-02       5.744993615475e+03 
       9.954200676961e-02       5.457481886946e+03 
       1.027823216668e-01       5.207814023049e+03 
       1.060288212453e-01       4.993866675937e+03 
       1.092791050340e-01       4.811250840932e+03 
       1.125316997741e-01       4.654419039845e+03 
       1.157857051540e-01       4.517210791498e+03 
       1.190405723570e-01       4.393469443125e+03 
       1.222959672682e-01       4.277581918163e+03 
       1.255516865778e-01       4.164844922989e+03 
       1.288076065494e-01       4.051813047429e+03 
       1.320636518142e-01       3.936407053980e+03 
       1.353197763936e-01       3.817886870551e+03 
       1.385759521683e-01       3.696732850577e+03 
       1.418321618749e-01       3.574395532428e+03 
       1.450883948541e-01       3.452752975860e+03 
       1.483446444689e-01       3.333948360279e+03 
       1.516009065359e-01       3.219935228219e+03 
       1.548571783732e-01       3.112419586156e+03 
       1.581134582212e-01       3.012443714021e+03 
       1.613697448899e-01       2.920574249225e+03 
       1.646260375445e-01       2.836815175922e+03 
       1.678823355737e-01       2.760709170109e+03 
       1.711386385101e-01       2.691463577361e+03 
       1.743949459801e-01       2.628042816980e+03 
       1.776512576737e-01       2.569295910659e+03 
       1.809075733253e-01       2.514133072488e+03 
       1.841638927014e-01       2.461490105403e+03 
       1.874202155931e-01       2.410650447218e+03 
       1.906765418108e-01       2.360818321509e+03 
       1.939328711805e-01       2.311525420561e+03 
       1.971892035421e-01       2.262549004661e+03 
       2.004455387466e-01       2.213889911908e+03 
       2.037018766555e-01       2.165744672835e+03 
       2.069582171396e-01       2.118363243143e+03 
       2.102145600778e-01       2.072092726250e+03 
       2.134709053568e-01       2.027231381340e+03 
       2.167272528701e-01       1.984048534855e+03 
       2.199836025177e-01       1.942705446654e+03 
       2.232399542053e-01       1.903299736259e+03 
       2.264963078445e-01       1.865834843242e+03 
       2.297526633515e-01       1.830253758723e+03 
       2.330090206476e-01       1.796439744953e+03 
       2.362653796583e-01       1.764248812028e+03 
       2.395217403131e-01       1.733503149812e+03 
       2.427781025454e-01       1.704015619444e+03 
       2.460344662922e-01       1.675611161326e+03 
       2.492908314938e-01       1.648119671934e+03 
       2.525471980935e-01       1.621421952289e+03 
       2.558035660376e-01       1.595404890202e+03 
       2.590599352750e-01       1.570003875166e+03 
       2.623163057574e-01       1.545183174651e+03 
       2.655726774386e-01       1.520925464390e+03 
       2.688290502748e-01       1.497235672509e+03 
       2.720854242243e-01       1.474126979021e+03 
       2.753417992474e-01       1.451620067035e+03 
       2.785981753062e-01       1.429724813816e+03 
       2.818545523646e-01       1.408470802024e+03 
       2.851109303881e-01       1.387849330021e+03 
       2.883673093440e-01       1.367868284429e+03 
       2.916236892006e-01       1.348510860876e+03 
       2.948800699282e-01       1.329758335952e+03 
       2.981364514979e-01       1.311573236466e+03 
       3.013928338823e-01       1.293943833612e+03 
       3.046492170552e-01       1.276815768571e+03 
       3.079056009914e-01       1.260169038171e+03 
       3.111619856669e-01       1.243970566630e+03 
       3.144183710584e-01       1.228187832585e+03 
       3.176747571440e-01       1.212809908088e+03 
       3.209311439024e-01       1.197802427943e+03 
       3.241875313131e-01       1.183157069622e+03 
       3.274439193567e-01       1.168856243976e+03 
       3.307003080143e-01       1.154892627075e+03 
       3.339566972679e-01       1.141253739938e+03 
       3.372130871002e-01       1.127935675962e+03 
       3.404694774945e-01       1.114929383353e+03 
       3.437258684347e-01       1.102229730018e+03 
       3.469822599053e-01       1.089830166531e+03 
       3.502386518916e-01       1.077721120044e+03 
       3.534950443792e-01       1.065898642151e+03 
       3.567514373542e-01       1.054351691724e+03 
       3.600078308035e-01       1.043067282706e+03 
       3.632642247142e-01       1.032049725178e+03 
       3.665206190740e-01       1.021277431950e+03 
       3.697770138709e-01       1.010745841607e+03 
       3.730334090935e-01       1.000448569564e+03 
       3.762898047306e-01       9.903747280154e+02 
       3.795462007715e-01       9.805166312607e+02 
       3.828025972060e-01       9.708687759561e+02 
       3.860589940239e-01       9.614238894674e+02 
       3.893153912156e-01       9.521724920052e+02 
       3.925717887718e-01       9.431138674084e+02 
       3.958281866835e-01       9.342361738707e+02 
       3.990845849418e-01       9.255450608726e+02 
       4.023409835385e-01       9.170242443289e+02 
       4.055973824652e-01       9.086738446931e+02 
       4.088537817140e-01       9.004886482230e+02 
       4.121101812774e-01       8.924654714340e+02 
       4.153665811478e-01       8.845968964068e+02 
       4.186229813181e-01       8.768831756027e+02 
       4.218793817813e-01       8.693127622067e+02 
       4.251357825307e-01       8.618900230298e+02 
       4.283921835596e-01       8.546082778613e+02 
       4.316485848618e-01       8.474604597785e+02 
       4.349049864311e-01       8.404463799420e+02 
       4.381613882615e-01       8.335599395231e+02 
       4.414177903472e-01       8.267990230286e+02 
       4.446741926825e-01       8.201610611645e+02 
       4.479305952621e-01       8.136398211568e+02 
       4.511869980806e-01       8.072387233217e+02 
       4.544434011329e-01       8.009462986357e+02 
       4.576998044139e-01       7.947655877488e+02 
       4.609562079187e-01       7.886909037577e+02 
       4.642126116428e-01       7.827187589264e+02 
       4.674690155813e-01       7.768499417116e+02 
       4.707254197300e-01       7.710823301107e+02 
       4.739818240844e-01       7.654072419415e+02 
       4.772382286404e-01       7.598307901553e+02 
       4.804946333937e-01       7.543417376933e+02 
       4.837510383405e-01       7.489443221173e+02 
       4.870074434767e-01       7.436335842051e+02 
       4.902638487987e-01       7.384110999436e+02 
       4.935202543027e-01       7.332685075166e+02 
       4.967766599852e-01       7.282076396993e+02 
       5.000330658426e-01       7.232279166520e+02 
       5.032894718716e-01       7.183234775883e+02 
       5.065458780688e-01       7.134972153928e+02 
       5.098022844309e-01       7.087430530190e+02 
       5.130586909549e-01       7.040623352244e+02 
       5.163150976377e-01       6.994516222678e+02 
       5.195715044763e-01       6.949102377798e+02 
       5.228279114677e-01       6.904352899269e+02 
       5.260843186091e-01       6.860262523772e+02 
       5.293407258977e-01       6.816828468244e+02 
       5.325971333308e-01       6.774014121198e+02 
       5.358535409058e-01       6.731817950582e+02 
       5.391099486202e-01       6.690226601391e+02 
       5.423663564713e-01       6.649214542367e+02 
       5.456227644567e-01       6.608787062669e+02 
       5.488791725740e-01       6.568914191191e+02 
       5.521355808210e-01       6.529595729038e+02 
       5.553919891952e-01       6.490798405520e+02 
       5.586483976945e-01       6.452569901612e+02 
       5.619048063167e-01       6.414824822084e+02 
       5.651612150596e-01       6.377609434306e+02 
       5.684176239212e-01       6.340856559340e+02 
       5.716740328995e-01       6.304613343451e+02 
       5.990060810813e-01       6.018154965641e+02 
       6.298516730217e-01       5.728532791299e+02 
       6.654465913689e-01       5.431155981943e+02 
       7.077921610807e-01       5.119285185307e+02 
       7.603710148002e-01       4.782406963492e+02 
       8.297814581343e-01       4.403089221561e+02 
       9.295985058175e-01       3.951935537838e+02 
       1.087508691526e+00       3.389032259425e+02 
       1.338742200190e+00       2.723210985430e+02 
       1.682633029034e+00       2.077898840340e+02 
       2.118257864736e+00       1.524365280851e+02 
       2.666728464651e+00       1.079095695385e+02 
       3.357212230406e+00       7.422217028418e+01 
       4.226479789644e+00       4.991415953789e+01 
       5.320822809617e+00       3.294573742911e+01 
       6.698519046681e+00       2.138891616458e+01 
       8.432935849254e+00       1.366695810967e+01 
       1.061643723666e+01       8.601387082383e+00 
       1.336530261994e+01       5.334334055023e+00 
       1.682591910457e+01       3.261774631761e+00 
       2.118257713753e+01       1.967632116971e+00 
